-0.3034876530068692 -0.14171174612520043 0.0 1.0 300.37477
2.2385159106355075 -0.6315419870207171 2.0 2.0 411.84687
-0.5106867510787115 -2.2079469473006466 1.0 1.0 378.31328
-2.4955336003510538 -0.9916080845420348 1.0 1.0 386.65451
-2.7128498145222797 -1.32420674411893 1.0 1.0 332.55126
2.348066737265496 0.43000756654507455 2.0 2.0 419.9315
1.8964856273853887 0.2257753966379051 2.0 3.0 426.30566
1.2024550535269931 -1.0202175642579163 2.0 2.0 415.93783
-1.506456633327039 3.373413871358815 0.0 0.0 263.1944
-0.28279221345259403 0.18647735102412305 1.0 1.0 347.75587
1.6716643531556896 -0.979581053363711 2.0 2.0 426.78282
1.7280773051957496 0.3030837713507869 2.0 2.0 411.3847
2.4379964567217796 0.16116731990250147 3.0 3.0 429.7707
1.0846951208898117 -0.5670967807840888 1.0 2.0 376.38639
-0.9062880742765568 -2.6909614099611914 1.0 1.0 384.89186
-1.0375629227766219 -1.1208277612990252 1.0 1.0 320.22358
2.679229970713352 -0.3388067681753027 2.0 2.0 424.09015
-0.9916024705652311 -1.5662855773218285 0.0 1.0 297.97171
0.6154351334532653 -0.27651997436483006 2.0 1.0 428.45788
-1.214349321306392 -1.9773001787511346 1.0 1.0 356.69439
-1.2880707133755145 -0.026144898474945742 1.0 1.0 377.28776
1.929515579233469 -0.0111981691773234 2.0 2.0 419.42636
3.4270262552713 0.7913588181802764 2.0 2.0 424.64559
-1.3414140525629954 -0.20435825313946177 1.0 1.0 376.15533
1.9216280826121306 -0.07039472805032193 2.0 3.0 428.05263
1.1003636893055577 -1.0232632707601663 1.0 3.0 389.72079
-0.5034156082868269 0.21972429698628845 0.0 1.0 303.33008
2.4281730019058383 0.3260559642258262 3.0 3.0 440.59537
-1.4694016074456404 -0.5611503829070164 1.0 1.0 351.84202
-2.0859392046382847 0.18821638157231602 1.0 1.0 322.381
2.400590444108236 -0.21483494388393157 3.0 2.0 431.65845
-1.7644119828850433 -0.9480857959363009 1.0 1.0 387.48355
-1.7340270005100051 3.2356497572658074 0.0 0.0 262.99926
1.811263847895347 1.1041511757406204 3.0 2.0 440.50985
-0.9870617314264709 -1.0829594615563791 1.0 1.0 383.45861
1.0571788005369382 0.9252285688010328 3.0 3.0 429.16158
-2.2157414710755345 -0.8851903829713857 0.0 1.0 259.18902
-2.487452640924618 0.19124684192703334 1.0 1.0 390.91508
1.377345524072689 1.0400148136871172 3.0 3.0 431.55408
-1.4763499450184412 -0.2830047837654572 1.0 1.0 369.77426
0.7932499237259613 -1.3750938500675411 1.0 1.0 380.82516
-1.6206283679984055 0.1779104463708119 1.0 1.0 401.79193
-0.9535139162525169 0.22824591473203798 0.0 1.0 300.70704
-1.9653004235466345 0.24178621636912587 1.0 1.0 394.41975
-1.5736061004928241 -1.8846425426483644 1.0 1.0 358.50682
2.931539056547251 -0.5303064098350592 2.0 2.0 413.98862
0.12854871596314912 -0.0252738607522805 1.0 1.0 341.41641
-1.349647428351913 -1.489248572690704 1.0 1.0 328.40423
3.099931211421819 -0.4110205094956424 2.0 2.0 422.52687
1.087838491415952 -0.49824732670515676 3.0 3.0 433.38469
1.0533415697452198 -0.7677936077838328 3.0 3.0 437.44984
-0.6018415981175513 -4.170105423925437 1.0 1.0 360.65417
2.3306051280928792 1.0583626607805448 3.0 2.0 429.58912
0.34769482552561665 0.2661709710304898 3.0 1.0 431.417
-1.8666667137255415 -2.597901845165592 1.0 1.0 391.73023
-1.700953765660361 0.7179819790201842 1.0 0.0 369.30207
-1.8527247099683926 1.1403383580548554 0.0 0.0 300.27295
-1.5559980909686941 -1.6786576314612518 1.0 1.0 397.44261
-2.40983329647574 -1.0299027747572516 1.0 1.0 386.35984
-1.4046701421009316 2.3997974278742906 0.0 0.0 109.00206
-2.5599703539844656 0.008107068270988227 1.0 1.0 391.88598
-2.821337347076443 2.559623010287532 0.0 0.0 83.98322
2.0072401493603484 0.6883266402263691 2.0 2.0 421.0116
0.41061412736945135 0.31973531343167966 3.0 3.0 433.91852
-0.7650514040149613 0.314253901498722 0.0 1.0 285.8098
4.970360030159518 -0.8116410387676878 3.0 3.0 433.18336
3.5323903393940834 -0.061790299194330524 2.0 2.0 414.39195
2.383100690418756 -0.7482140450495689 2.0 2.0 425.0421
-1.2793461387515983 -2.23068642633197 1.0 1.0 394.60121
-0.16349767141032373 0.23828170018994085 3.0 1.0 429.43755
3.4881318770765195 -0.23665358132115638 2.0 2.0 423.01632
0.00525683888064564 -0.5140943678174668 2.0 1.0 417.17722
0.6095969768033461 0.2587962224599893 3.0 3.0 444.19665
2.883614385959958 0.04106906954139269 3.0 3.0 439.13999
2.75352034435493 -0.48251082726012345 2.0 2.0 420.65525
-2.7324529946535487 0.667378814208743 0.0 0.0 218.36942
1.2196863559953983 0.35543773314397914 3.0 3.0 435.47043
3.3346505146623437 1.3472986670506368 2.0 2.0 423.02286
-1.468109293563243 -0.2650804666249216 0.0 1.0 107.68221
-1.163474909397668 -1.081419561843523 1.0 1.0 321.85375
2.186333104719832 -0.009046618373332123 2.0 2.0 406.42554
-1.3660037461222652 -0.09223446236207548 1.0 1.0 361.41746
2.290114786191069 0.5076714396151363 3.0 3.0 447.57387
0.8210805305923602 2.7673034242389134 3.0 0.0 440.82314
-0.39716220502519406 -1.4610616787388038 1.0 1.0 378.07771
3.3112530771153312 -0.33861464307772404 3.0 2.0 429.15928
2.7927210432290956 -0.13901224579871682 3.0 2.0 432.36459
-1.7385581171321567 -0.13616702678091877 2.0 1.0 406.29297
1.1681371252848516 1.776749775385519 3.0 3.0 432.6859
-0.5151859723908153 0.21227238925092262 0.0 1.0 238.02346
-0.967312530080154 0.21236051492354202 1.0 1.0 348.36036
0.955532967884007 -0.4011107656228991 1.0 2.0 401.43466
-1.1544240630625435 -0.9197686671716359 1.0 1.0 341.53859
1.0406291174065883 0.746397606340191 0.0 3.0 315.66001
-2.132614458191948 -0.08397836603711076 1.0 1.0 338.2442
3.618994762841137 -0.05104139595361418 2.0 2.0 417.88939
-0.6013435547483346 -1.4161609289481187 1.0 1.0 360.60673
2.7602151905193595 1.0305251579370998 3.0 3.0 449.63387
-1.3960928476613568 2.9083369334310722 0.0 0.0 284.26709
3.231789844808048 -1.0279592320331545 3.0 3.0 432.41636
-1.182773001593942 0.05712205938845868 1.0 1.0 336.19676
4.415577910661022 -0.2458684523868229 2.0 2.0 418.85186
2.9975736104365236 0.9068625627468845 2.0 3.0 425.1117
-2.451465966933321 -0.849676086066627 1.0 1.0 371.53242
-1.6217577835783792 -0.7343229922273813 1.0 1.0 344.86616
-2.423741831743832 2.489870425726907 0.0 0.0 156.117
-1.9960262629939074 2.4102561994215286 0.0 0.0 99.22178
2.2332737886913607 2.9841389045251367 3.0 3.0 440.49593
2.8836871229024705 -1.3740372810233434 2.0 2.0 427.58944
-0.483888186599498 -0.09883864102326845 0.0 1.0 307.63267
2.354050957205095 0.411684389804009 2.0 3.0 409.39016
3.291402688732208 0.7673012085596316 2.0 3.0 427.0674
-2.474260680593651 1.9217109226363112 0.0 0.0 265.23078
3.1610284696636284 -0.8420532991924363 2.0 2.0 426.21745
-2.773754478000197 4.048652959208538 0.0 0.0 82.48281
-1.7069510095165903 -1.8133932899333358 1.0 1.0 356.58159
0.27379122337600675 -0.29723830112408006 1.0 1.0 372.74765
1.3409122740520576 1.1259271537698579 2.0 3.0 421.65047
-0.3116975313093395 -0.9497892766920941 1.0 1.0 335.64858
-1.90325577991203 4.305260735505547 0.0 0.0 55.64899
2.603762800753015 -0.8141408916751566 3.0 2.0 430.24049
-2.20203015948841 0.37403056043094646 0.0 0.0 295.5007
-2.3624946737720594 -2.1198166925516553 1.0 1.0 329.85566
-1.5823373163167287 -1.5475807962350983 1.0 1.0 346.46899
3.1141378112187597 -0.6260365076621137 2.0 2.0 425.52807
2.0410200319701244 0.25971616086895405 3.0 3.0 444.53552
-0.6339510227808451 -1.4925808705189743 1.0 1.0 369.46149
-0.17540869933719344 -0.7411289973407441 1.0 1.0 379.97562
-0.362144801798977 -0.1671687740289952 1.0 1.0 352.64446
-1.4689888591584155 3.1438833340746903 0.0 0.0 188.99124
-1.8027964600612492 -2.017618810064874 1.0 1.0 371.16047
2.7935925757695723 0.02221451248973233 1.0 2.0 401.81994
-1.90791731872692 -2.8740388560309404 1.0 1.0 373.07188
-0.3147767000273084 -0.949828605649921 1.0 1.0 365.06473
-1.359370317559519 -1.173260347469759 1.0 1.0 400.61709
2.516708641643742 0.726091812791548 2.0 2.0 410.73443
1.1588062084114243 -0.34951409490817487 2.0 2.0 424.67684
0.5473365000558341 -0.3700055011701119 1.0 1.0 387.41907
1.6211096161648408 0.485129140762718 3.0 3.0 445.4809
4.305085016626152 -0.3015585760895456 2.0 2.0 423.74462
-1.3321277454964289 -2.6765575687571066 1.0 1.0 370.04012
-1.9090540894237722 -0.9942217902023487 1.0 1.0 347.99091
3.494578468623529 0.8060346699165363 3.0 3.0 435.23097
1.994394285858791 -0.09367839938358061 2.0 3.0 426.45694
-2.0843565447863845 -0.5226710239578793 1.0 1.0 345.66923
-1.7493747548290446 1.4854136821082184 0.0 0.0 250.08636
-0.5207251986957342 -0.637941521155261 1.0 1.0 382.71575
0.6022739305451564 0.38410238460133883 2.0 3.0 405.28209
2.2647106522193425 0.11438981092727238 3.0 2.0 430.84388
-0.4758686481465755 -0.10732961815260453 0.0 1.0 310.68212
2.5814563411130917 0.7998964903016907 3.0 3.0 443.1599
-1.3740993285325924 -0.9362340600702908 1.0 1.0 377.27227
1.8689210384826422 -0.03789701665268313 2.0 2.0 405.83419
2.624883138629958 0.054267075307879324 2.0 2.0 427.03858
-1.4374676603966168 1.4455007633733616 1.0 0.0 330.18154
1.838353005016611 1.1499720065136205 3.0 3.0 444.02733
-1.6146688286389994 -0.9054159630937975 1.0 1.0 351.8379
-0.83210282950828 2.9871221176294305 0.0 0.0 285.99484
-2.8437050037450655 1.6649866268344762 0.0 0.0 274.09183
-2.0266909201711685 -0.9360956061889315 1.0 1.0 341.73482
-1.3663727991497507 -0.9173533308829501 1.0 1.0 341.51337
-1.3071598228794383 2.9899925672737924 0.0 0.0 75.59035
4.165393191509489 0.05111429665315547 2.0 2.0 422.38576
0.8547491802012341 0.3488524167777873 3.0 3.0 449.44942
-1.4187404974983533 2.8603232180063913 0.0 0.0 111.95643
3.3458548508753134 0.5395652073513435 3.0 2.0 429.8125
1.4573478611105515 0.6702442806445189 3.0 3.0 429.35178
-0.7035646884207756 -1.7248834156199782 1.0 1.0 325.99455
-2.351773219567518 -1.1411427821317148 1.0 1.0 359.43797
2.301065133391893 -0.10936293373511251 3.0 3.0 442.56425
3.1109795138396343 0.8150297616851978 2.0 2.0 428.74062
2.235744463956605 0.692809023271733 3.0 3.0 453.57286
2.0768668032648363 -0.019749326742818145 2.0 2.0 425.70798
-2.1694232033030403 -0.5351916682338723 1.0 1.0 370.58989
4.67140268446601 0.47262867513161083 2.0 2.0 427.42726
0.7213317988215882 -0.6224675238629743 1.0 1.0 374.20291
-1.4442364483383978 -1.1339395610845915 1.0 1.0 378.1831
2.3331960444692412 0.13285967670323776 2.0 2.0 424.38114
-2.292510229521313 2.7637024714170555 0.0 0.0 304.9211
2.8536123453542093 -0.937754122682483 3.0 3.0 447.07827
2.569321482261203 -0.44876342102581396 2.0 2.0 419.38475
1.8859910773010404 -0.25236116151862414 2.0 2.0 428.92454
2.153064341445222 -0.049596546684518864 3.0 3.0 444.17953
-1.9620191189324256 -1.7305062140527692 1.0 1.0 363.34739
-0.597860850389305 -0.3982924608046978 1.0 1.0 367.60958
-0.9820514040547246 0.903652222278187 1.0 0.0 321.84256
-2.658944805402485 3.0255887934271852 0.0 0.0 250.55604
-2.37059247700964 0.4610092746540572 0.0 0.0 180.69091
2.694221800103364 -0.35385720530297854 2.0 2.0 421.99405
-1.2797805113679501 2.1414942557974337 0.0 0.0 88.05153
4.00472291208659 0.24283047642609493 2.0 2.0 425.15605
-0.894356321629883 -2.238792747865136 1.0 1.0 383.37326
-0.7746469222447565 -0.34827794245429006 0.0 1.0 305.54449
2.257533622970015 1.8513908004425732 3.0 3.0 444.23357
-0.6363487843333425 -1.3009930075225753 1.0 1.0 397.04928
-1.154271511505887 0.46372549009153474 0.0 0.0 272.5605
-1.0379880272996362 -0.26117215113523545 1.0 1.0 358.02557
-1.8259828379407084 -2.8553427406039487 1.0 1.0 358.65593
-1.9358904459763209 -1.0328648303945762 1.0 1.0 351.80494
1.2554480203074787 0.4209273813804139 2.0 3.0 428.22814
1.0583777414524216 -0.38673070249815417 2.0 2.0 423.49373
-2.3323462386586775 -1.3504337789660703 1.0 1.0 398.84934
-1.8751246740246341 -0.8076591318451829 0.0 1.0 246.97419
-2.441101218343284 1.7383309367128237 0.0 0.0 148.42474
0.5673425158295807 -0.3220090306929384 2.0 1.0 427.73041
-1.6473337818592424 -1.4534971471441973 1.0 1.0 383.78595
-1.2175320494523585 -0.6301967700225122 2.0 1.0 407.75781
2.223523207501924 -0.8998671184684405 2.0 2.0 428.30713
-1.384097704510641 1.0333943497340912 0.0 0.0 303.33293
2.42793260567547 0.23590468745002638 3.0 3.0 442.09884
-1.9934545503521877 -1.3542265290894937 1.0 1.0 380.26555
0.8556763087466025 -0.8154959520901768 1.0 2.0 369.30847
3.2357122174801938 -0.8883063597432828 2.0 2.0 424.77019
-1.647820705382226 -1.5391011693023213 1.0 1.0 383.7499
-0.6340798498344619 -2.0106031227222676 1.0 1.0 379.50103
-1.3496474283519126 -1.4892485726907039 1.0 1.0 363.55225
-0.7295673367139633 0.5850467908983722 3.0 1.0 441.00474
-1.4490522812449027 1.5233467977001531 0.0 0.0 204.46612
-1.0854213652280553 -2.7882162287517227 1.0 1.0 378.14857
-1.5496364480167206 -1.938507529914495 1.0 1.0 390.38434
0.017735707546978466 0.01457652204987102 0.0 1.0 293.61531
3.103142602111749 0.7336577235605202 3.0 3.0 439.28851
-1.132211579536124 -1.6894410866625782 0.0 1.0 302.95455
0.6555230457915673 -0.7871119174992043 3.0 1.0 433.9902
0.8048767048902032 -0.518610706201552 3.0 3.0 442.30805
-1.4898130321421554 -1.0566041781507105 1.0 1.0 371.43509
1.8263303613354709 0.11547690970407691 3.0 3.0 432.30713
2.465303310272606 -1.8522840252681128 2.0 2.0 427.97106
1.7102705913074432 -3.089858924689539 2.0 2.0 423.44133
1.8648182378069533 0.6705425350172399 3.0 3.0 444.11124
-1.8362674870389155 -3.3547543410634044 1.0 1.0 381.44796
0.3970790782716226 -1.0620686554191554 1.0 1.0 373.97442
-1.6337590907219177 -0.6215280038538685 1.0 1.0 326.72403
-0.6401493947916136 0.15339108377128513 1.0 1.0 342.01914
-0.386072967465263 -0.1768092388653299 1.0 1.0 331.28492
-1.73309049419244 -2.090406280299955 1.0 1.0 371.85168
-1.4874924491050368 1.8517600887906251 0.0 0.0 93.20546
3.4662409829895817 -0.3281177691532066 2.0 2.0 425.09917
-1.7120653069327083 2.548669431204122 0.0 0.0 53.81895
-1.395624391986357 3.6405937980865963 0.0 0.0 93.18252
-0.7077926472540303 2.834629926431884 0.0 0.0 104.86979
2.3555832729350685 -1.5742236001531444 3.0 2.0 432.15504
2.3349617169060624 -0.009948773865822045 3.0 3.0 446.11019
1.2797521616631122 0.9111354377290579 3.0 3.0 444.28085
3.880209940032178 -1.2156668931595327 2.0 2.0 421.79172
-1.3254706179812814 -2.838685130361577 1.0 1.0 359.66695
0.045282287522755496 -0.3306270202386776 2.0 1.0 428.29154
-0.12445597406175878 -1.3278966884307604 2.0 1.0 407.79812
-1.3045886863586993 -1.0716742044720855 1.0 1.0 381.92535
-1.685882864448242 -1.50509470059246 1.0 1.0 387.54031
-2.078225014555483 1.849651766746675 0.0 0.0 202.78496
2.4853617033587576 0.1862079956303071 3.0 3.0 431.94717
0.29694675363705175 -0.4112499567990079 2.0 1.0 421.63698
3.7856303689613635 0.8936990636720448 3.0 2.0 431.44433
-1.4326502110060977 -1.8601274105929573 1.0 1.0 386.47012
-2.4658159893960168 0.40996377270895323 1.0 0.0 375.14831
-1.3080926643058672 1.4989559091999771 0.0 0.0 216.99517
-1.1948786957726383 2.56662080966674 0.0 0.0 156.50391
-2.023674834371362 -0.7899843453917442 1.0 1.0 375.14579
2.4462172515252836 -0.6177537838826392 2.0 2.0 423.22323
1.3207557524031432 0.7008932340562674 3.0 3.0 432.84264
2.6422701065594034 -0.30334104815466545 2.0 2.0 424.3893
-0.22572397874746164 0.2303076443794301 1.0 1.0 344.86703
-0.6851480929631145 0.03815132144920963 1.0 1.0 332.04694
2.1115099694490116 0.8623890587393164 2.0 2.0 427.37927
-1.0735265263016407 0.3163945901615096 0.0 1.0 241.27899
1.1118490637357135 1.682828815267392 2.0 3.0 420.38876
-1.3545385934296745 -1.4192050000361656 1.0 1.0 392.34311
-1.6128716768279026 1.7662950201527337 0.0 0.0 237.99522
-0.9373747999911507 -0.08378823543559977 1.0 1.0 365.6454
-0.6051656512459004 -0.04674161346650539 3.0 1.0 437.25605
-0.3481587836551926 0.5586559464668522 3.0 1.0 434.26701
-1.8489104858420025 -1.2274856872520348 1.0 1.0 374.64901
-2.5600906801386407 -0.18704992296214726 1.0 1.0 350.56887
-1.6939108328944903 -1.4467943521517457 1.0 1.0 345.33446
2.7809223273841495 0.518678229207683 3.0 3.0 445.66973
0.3122781884655263 -0.20663602942661094 1.0 1.0 380.18342
-2.588538596157632 0.6348616387568745 1.0 0.0 341.70594
-0.39211432059561724 -0.16742213292903557 2.0 1.0 427.24859
0.0249021643240025 0.004752168181679936 0.0 1.0 241.19395
-1.4700937980296291 0.23377026942787899 1.0 1.0 391.4572
-1.3978599786706283 0.37219870566121666 1.0 1.0 376.15974
3.4225138580930903 1.0875287510859992 2.0 2.0 414.07114
-1.4160877593447658 2.818710979785497 0.0 0.0 303.50718
-1.7292948130964503 -2.377347514070304 1.0 1.0 382.77555
-2.3003832451667283 0.8792439949772407 0.0 0.0 288.9212
-1.679930326875424 2.470565586284306 0.0 0.0 73.10086
3.9307198757995856 -0.5142954610186954 2.0 2.0 410.36629
-2.1903450712241974 -2.3909795831847287 1.0 1.0 386.68576
-1.4650856228245437 -0.21843855013911898 1.0 1.0 387.94011
-1.6094988876308727 -0.7868709073925797 1.0 1.0 357.5072
-1.6451618825833423 -1.2347748921093469 0.0 1.0 309.20093
2.4739740492897755 -2.318898222381817 2.0 2.0 426.00957
-0.05953961099460845 0.8522149439409498 1.0 3.0 346.12748
-0.7076332416377337 -0.20958069733001838 0.0 1.0 250.64709
-2.2063868046921793 2.530457053884156 0.0 0.0 165.5771
1.5753030262825023 -0.03236605451947406 1.0 3.0 400.66589
2.676884716076758 0.014665833837722138 2.0 2.0 421.38081
-1.9200141059599871 -0.2357005224674113 1.0 1.0 385.65684
-0.8532264190926789 2.3227586071369895 0.0 0.0 166.37265
2.082737561308563 0.6194562285624788 2.0 2.0 408.82025
-0.7794565713309114 0.07129959931093065 0.0 1.0 292.04438
-2.1642055324700205 -2.486218531256896 1.0 1.0 388.9637
-0.1918120974081723 2.8008927486782973 0.0 0.0 243.07329
3.0867938476039605 -0.46825743043881085 2.0 2.0 423.41116
2.490682612311161 0.6592655114573149 2.0 3.0 427.85712
0.5841049099353066 0.3632695177886308 2.0 2.0 426.65282
2.2507627561270547 0.7316068571153136 3.0 3.0 431.44919
2.3092743960262183 0.6706932650441616 3.0 3.0 440.38223
-0.22659475418955047 -1.2821644302209319 1.0 1.0 370.86571
4.075805653021702 -0.5070231232319484 2.0 2.0 422.25373
2.7764030795146053 -1.3771532638145993 3.0 3.0 430.55474
-2.057033363644981 2.562459219224172 0.0 0.0 274.22765
3.1085484316824883 0.93680696963727 3.0 3.0 441.46118
-1.2352936464020936 -0.31452956435511065 1.0 1.0 367.71051
-2.1741645020525944 -2.6245577097966017 1.0 1.0 384.56186
-0.7289063465488733 1.112504608575811 3.0 0.0 430.93736
0.9034747866849653 -0.4311056842757942 3.0 3.0 444.93272
1.9628415869295481 -0.0044574432460013046 2.0 2.0 422.93974
2.1826275060751064 0.36989242909758735 3.0 2.0 432.04686
-1.7791004843769296 -1.1278546015952262 1.0 1.0 340.51055
-1.3327398807897988 2.333657054526526 0.0 0.0 224.59752
4.2175755855336545 0.8119969839408963 2.0 2.0 426.45253
3.9129880962802215 -0.45058344928390637 2.0 2.0 427.26642
0.9639032321176739 -0.30649424779161855 2.0 3.0 426.76057
-2.664274851691952 -1.4732019275367934 1.0 1.0 364.28284
-1.4923960313244846 3.427101690890757 0.0 0.0 245.4281
-1.5148150440349393 -1.2352329558650574 1.0 1.0 351.86474
-1.3480256577172312 2.036684312607867 0.0 0.0 274.21093
-2.0398327315745437 2.4511900791795957 0.0 0.0 182.34094
-1.5303040961732224 0.14327318813525733 1.0 1.0 370.18522
2.897612021029941 0.7703168751269625 3.0 3.0 441.72387
-1.5852165855284397 -0.958525960374698 1.0 1.0 355.84748
1.8602523561639244 1.8823645524301302 3.0 3.0 443.31012
0.27633484261762037 -1.0672704263656487 1.0 1.0 375.7489
-2.1461133175080165 -1.1993567244091583 1.0 1.0 343.16088
-1.2226896009400148 -0.4773639805623495 0.0 1.0 278.67954
2.541991965968723 2.1291903906852907 3.0 3.0 439.88382
-0.6976060646024994 2.5572800435362386 0.0 0.0 90.48192
-1.0481530329422835 2.3933651813912444 0.0 0.0 122.25746
0.8509207161937057 -1.0797441935889907 1.0 2.0 373.75298
-1.9802119033997356 0.2832977988843289 0.0 1.0 313.28435
-1.3220483918345318 3.4414472062885766 0.0 0.0 134.8522
-1.3059096981015086 -0.32506844868318574 1.0 1.0 328.07917
3.2265869411958232 0.43037561583157563 3.0 3.0 443.26355
-1.8532362123473656 -0.16550124810762118 1.0 1.0 388.81572
-2.1075418703799724 0.8352017097084327 0.0 0.0 307.90731
3.302360117267715 0.3834054888412235 3.0 3.0 444.22795
-1.9266498053801706 -1.4218482185911245 1.0 1.0 377.25434
-2.479631180804073 1.501648420417446 1.0 0.0 341.12675
-2.1993503183652883 2.342945872618209 0.0 0.0 105.54149
-2.0428217162892714 1.5176003797427307 0.0 0.0 252.37912
2.5727128907359007 1.5111540713294527 3.0 3.0 441.87251
-0.673192923368461 -1.1255101351803931 1.0 1.0 331.95004
2.3193724366309536 0.22454042118767098 2.0 2.0 416.1987
-1.692343519225802 -2.073128239732789 1.0 1.0 363.19259
2.637832788820017 -0.5169181620735552 3.0 3.0 447.38886
2.7134702894850316 -0.8653647054704001 2.0 2.0 420.41638
-1.1227805993072038 -0.4792978585875492 1.0 1.0 401.57042
-2.191872255194176 -1.0172197163050885 1.0 1.0 367.97905
2.5858256228234087 -0.30242033751136094 2.0 2.0 426.16887
-1.4908661397505674 2.1625200977421626 0.0 0.0 78.59531
-1.187168349586588 2.219571112755756 0.0 0.0 281.40752
2.1458272411154997 -0.6828693578159115 3.0 3.0 432.27645
-1.1464233729311943 -0.1562300472818879 1.0 1.0 329.39632
-2.737133941645616 1.6689422551934068 0.0 0.0 290.22458
-1.9775135446765195 -2.208569577499237 1.0 1.0 386.73364
-0.08057902799170814 -1.7256677430442406 1.0 1.0 382.96021
3.651989257376272 -0.6897603193766514 3.0 2.0 433.85856
0.8947759173232785 1.1447681375644119 2.0 2.0 428.67894
-0.8009910001586482 0.11980305612150674 1.0 1.0 340.90535
1.8730582617643199 1.107789250062405 3.0 3.0 449.01829
2.983318211365257 0.3916345064781252 2.0 3.0 428.16514
3.130424680740335 0.3425320027790546 2.0 2.0 411.48448
2.505309200500585 -0.3039818780668557 2.0 3.0 423.07118
-1.6874769911493757 2.707595608312076 0.0 0.0 229.50922
-1.1331418747495572 1.7705542812075625 0.0 0.0 293.18902
-2.1654568233901172 -0.10409360311143617 1.0 1.0 340.75491
0.05238721549468789 -0.7754735464028862 1.0 1.0 377.65999
-1.5838923598648575 2.490812169151104 0.0 0.0 54.93092
-0.2587092309527688 -0.09594605403341751 1.0 1.0 376.35856
-0.9396680164497659 2.769016770554563 0.0 0.0 256.56505
-0.7502623206265472 -0.6272747974409163 0.0 1.0 299.35515
-0.5159245942627387 -1.0941524024830545 1.0 1.0 378.57036
1.7222409142376343 0.7194286260466171 3.0 3.0 437.94524
0.23129492949130503 0.8457954300767113 3.0 3.0 435.79546
1.701388758096989 -0.246855416854879 3.0 3.0 436.03606
0.31456651068825353 0.5768707740171237 1.0 3.0 333.34817
3.570209839898702 -0.1557515053193681 3.0 2.0 430.68747
-1.445855370070844 2.9852974736279885 0.0 0.0 156.13498
2.0370595741029973 0.8694403369726079 3.0 3.0 446.15423
1.2575297309001423 0.6511189485726516 3.0 3.0 439.07785
-1.4842439885246859 -0.8606323849344988 1.0 1.0 365.48931
-2.2125728359120855 2.0101303915627833 0.0 0.0 146.02584
-2.7070568139993814 -1.4663788495851526 0.0 1.0 33.50434
3.663402629377782 -0.6021519430433995 2.0 2.0 407.94888
-1.6917186039335865 1.0157854003215927 1.0 0.0 357.94602
-2.0277312188023737 0.8799777588453351 1.0 0.0 362.53878
0.8410258771244379 0.6854910352781479 3.0 3.0 441.96557
-1.5156886306736648 -1.6640995215466485 1.0 1.0 394.98867
-1.7219083680260783 1.2560487114455294 0.0 0.0 284.6708
-0.35318365378293387 -0.6939952560194828 0.0 1.0 263.99952
-0.987008547457269 -1.2789643937829647 1.0 1.0 376.40678
-2.0334524651942605 2.2804527530268914 0.0 0.0 282.39253
2.790916082910838 0.38822169111235544 3.0 2.0 430.95478
-1.6405759948263992 -0.6414807406421448 1.0 1.0 342.29217
2.0759735554278076 1.114420363108386 3.0 3.0 438.36379
-2.0892408293773226 1.4492220661432094 0.0 0.0 294.42204
-2.1485220210285014 1.6008902099142996 0.0 0.0 290.02997
-0.6335655496023945 0.2190399248876002 3.0 1.0 440.84906
-1.5434901287133889 -3.5449033278849935 1.0 1.0 358.17613
-2.37059247700964 0.4610092746540572 1.0 0.0 346.26108
2.421495261197404 1.0265586531004292 3.0 3.0 429.71277
-0.9482636703696058 0.30608582569995857 1.0 1.0 341.99975
-2.1826332219208138 -2.033555085467738 1.0 1.0 384.41721
1.5889039821525475 0.2409121506126326 2.0 3.0 418.87103
-1.6486507771314742 -1.9630137902397649 1.0 1.0 389.81385
2.4165304007078303 -0.1712137813793561 2.0 2.0 427.22863
-1.6975238081235142 1.5308999037858642 0.0 0.0 273.55294
-1.4710303857850853 -0.09191720476011139 1.0 1.0 382.43679
0.7258073522355166 -1.3495538304414287 2.0 1.0 427.26079
3.1739350518180025 1.3347788495783404 3.0 3.0 437.4028
1.4649416757652811 0.49423907399056116 3.0 3.0 441.50837
-1.573311084698542 -2.887109228361428 1.0 1.0 370.326
-1.3628798735143104 -2.0388338180303895 1.0 1.0 366.64256
-0.532931720527712 -2.0600719197185957 1.0 1.0 384.06133
1.942145589449124 0.13033668133946436 2.0 2.0 421.40164
2.3088504652132413 -0.8898102182726111 2.0 2.0 422.96681
2.139156050205038 0.10762435153592986 2.0 2.0 427.64405
-0.5394797104622305 -0.3454552795344266 0.0 1.0 225.07953
-0.7049064927223496 2.2484508958196994 0.0 0.0 104.26227
-1.1626728931276098 -3.0196263018756677 1.0 1.0 382.58782
-0.8953193764661865 -0.2599212279591054 1.0 1.0 378.63133
-1.8821876348815867 -1.8154560664178614 1.0 1.0 323.14881
-1.389196658133867 -1.0330404320499171 1.0 1.0 380.17946
-0.2585108441136515 0.18164404372375884 0.0 1.0 263.33864
2.531055349553055 -0.09821241278956858 2.0 2.0 425.45683
-1.5207490642760986 1.27702243263297 0.0 0.0 228.07504
-0.7866449107293961 -1.6470240144318704 1.0 1.0 376.80363
-1.7771072289747434 -2.0205863318959394 1.0 1.0 337.74683
-0.7634136364898664 0.639081638330905 3.0 0.0 433.45874
-2.546499074508441 -0.8493677057109984 1.0 1.0 332.86296
0.02156464343042707 -0.9773848106895796 1.0 1.0 369.94217
-0.17400987805617882 1.7568522820671872 0.0 0.0 318.6881
3.369342662457823 1.356706968784634 2.0 3.0 407.80669
-1.8395805863085426 2.1115867243423825 0.0 0.0 205.14722
-1.628566936733055 3.100090746228074 0.0 0.0 208.69924
-1.4395391718941533 -1.826892924264192 1.0 1.0 372.31909
-1.936159627020841 3.2248743497575214 0.0 0.0 275.64796
-0.577733680115226 -0.4544981879789035 1.0 1.0 378.28721
-1.38613288987022 -0.0681978739030834 0.0 1.0 288.74476
-2.1678950106327846 -1.1702679018956716 1.0 1.0 322.58027
-1.6597309531062339 -2.1576223232219163 1.0 1.0 361.43443
-1.5426660266662036 -2.4520542658680577 1.0 1.0 373.21737
1.3192172893491976 0.9060233685103523 3.0 3.0 441.46271
-1.9279579438200645 1.5988252440008708 0.0 0.0 281.29637
-2.0859392046382874 0.18821638157231713 0.0 1.0 316.63798
2.3536811297639004 1.076469094764036 3.0 3.0 432.97914
1.6074610829291391 -0.08697913179976197 2.0 2.0 426.50744
-0.8694941833656115 -1.1268655075904603 1.0 1.0 348.39209
-1.2482150737537319 -0.37706041161357645 1.0 1.0 376.10796
-1.1567308748569791 -1.7390777765523544 1.0 1.0 382.58163
-1.0577197830453053 1.7342107204882757 0.0 0.0 87.91939
2.850112728404011 -0.3644083435714352 2.0 2.0 415.71596
-0.9299381359144031 -2.190931443013128 1.0 1.0 385.09231
-1.2947996372173523 0.0722675363874739 1.0 1.0 353.4283
-1.4250810662706037 0.16431249934757441 1.0 1.0 396.27311
-1.2158509475786479 -0.37023539743957345 1.0 1.0 375.05251
2.404069982202692 0.020487442733414653 3.0 3.0 445.25923
-1.1133160880594075 -0.4867582330806732 0.0 1.0 318.07505
-1.5283625728256636 -0.6562652348512774 1.0 1.0 335.4059
-1.2303910597228829 0.43700067283704364 0.0 0.0 285.79445
-1.8407038980700372 -0.5413142133486579 1.0 1.0 373.92849
-1.6117030546061484 -1.1656686248346202 1.0 1.0 383.95807
-1.1865078654095484 -1.185123136465259 1.0 1.0 390.37611
1.5008755207847335 1.054108938321219 3.0 3.0 446.41225
3.544925763649889 0.015026623734956883 2.0 2.0 410.13233
0.4354983471444048 -0.397210815944508 3.0 3.0 433.30819
-1.7128087514571615 -1.8166489042111642 1.0 1.0 382.74788
-0.8830954423993229 4.147908096310856 0.0 0.0 301.67402
2.3410949383458988 -0.6994594061481543 2.0 2.0 424.64175
-1.024273772010168 0.16425932486669415 0.0 1.0 316.89698
3.492456830524515 0.013587199951449712 2.0 2.0 415.63306
2.197698768760205 -0.5595419848151191 2.0 2.0 420.44586
-1.3175706871546993 0.8769424623218927 1.0 0.0 372.67831
-1.1439328328109986 -0.050914097953973135 0.0 1.0 284.54804
2.870424257883573 -1.1041346608043654 2.0 2.0 420.74225
-1.1923969569503858 3.1246007201766397 0.0 0.0 182.08436
-1.489594358741461 -2.100334280804995 1.0 1.0 346.50909
-1.2704146824995435 -0.0007221733928563445 1.0 1.0 388.49622
3.5043873161006593 0.451205193416346 3.0 2.0 434.25525
-2.1281274097051046 2.326650617477519 0.0 0.0 286.58562
1.563935273197257 0.6597017099985574 3.0 2.0 433.27528
-0.9502456621018007 -1.0439456344493958 1.0 1.0 383.75999
0.9078431748470824 -0.11605981304534799 1.0 3.0 381.71679
-1.3448618272240456 -0.37076612069252035 1.0 1.0 329.28316
2.0682636155198186 0.17792999385543992 2.0 3.0 418.13209
-2.1678950106327846 -1.1702679018956716 1.0 1.0 332.25763
4.044496573505045 -0.34790770547022215 2.0 2.0 423.92812
-2.029673166921856 -1.924953309796456 1.0 1.0 332.80214
1.537972172349455 -1.667356823141412 2.0 2.0 420.64634
-2.7324529946535487 0.6673788142087431 0.0 0.0 319.98918
-1.3141222418367458 -0.136099619171906 0.0 1.0 306.54874
1.9933287491537852 1.24107541581232 3.0 3.0 450.20726
0.4362278761057656 0.3514991785660241 2.0 1.0 419.92661
2.7049315078164926 0.7867399444700346 3.0 3.0 445.55881
3.5572295285583344 0.7154368988527327 3.0 3.0 430.73539
-1.5528609999182865 -2.070991029395815 1.0 1.0 381.97441
-1.2711071655605792 1.586293957992633 0.0 0.0 304.3718
-2.0934651885595823 3.1566396567943107 0.0 0.0 265.16157
-2.4051331924447124 -0.3956160032877453 1.0 1.0 373.34126
3.21406496529481 0.6859370309379811 2.0 2.0 407.21831
-0.8994788874379905 0.21582478167972752 0.0 1.0 316.88626
-1.1467699159319802 0.6323998676008514 1.0 0.0 338.09837
-2.107541870379973 0.8352017097084329 1.0 0.0 338.10852
-1.0044925075310067 2.057694832196684 0.0 0.0 217.91462
2.7520765177168838 -1.076815441053921 2.0 2.0 422.32176
-2.775711673960057 -1.709269632244819 1.0 1.0 365.12789
-0.7693725663388198 0.4987769446988118 1.0 0.0 322.90152
-1.596438775971526 -1.8149527190543966 1.0 1.0 370.67884
-1.5884202360539812 -2.538119094471271 1.0 1.0 368.04343
-0.9591216814035161 -0.5542535295929326 0.0 1.0 241.86663
-1.9667877432098753 2.843086417320068 0.0 0.0 83.03349
-0.443209948314175 -0.9153831834626031 3.0 1.0 429.45466
3.9696669793748387 -0.0956225392348534 3.0 3.0 429.65348
1.292285094391028 1.7736300616213723 3.0 3.0 440.60412
5.413150491143606 0.4435029958976147 2.0 2.0 425.56519
-0.9442037324448848 -0.2550881392079606 0.0 1.0 296.87999
2.208536928537312 -0.588107170603984 3.0 3.0 430.91904
2.374647927977433 0.6002924200179222 3.0 3.0 443.09715
-2.2052172112658064 -0.17732823067470196 1.0 1.0 347.73574
2.8329611824568035 -0.04481958292032985 3.0 2.0 429.19746
-1.3222664672107594 0.517302233993566 0.0 0.0 318.89925
-1.6491096628253645 3.2259105388300644 0.0 0.0 316.93733
-0.8956209332735422 3.0121262986530604 0.0 0.0 115.35123
1.6650843454644024 0.15419866006208313 2.0 3.0 428.24308
-1.9262019747653858 3.2539841081530776 0.0 0.0 260.79666
3.133619917241475 1.036147918294101 2.0 2.0 428.53319
-1.3537282089095597 0.06169835578821161 1.0 1.0 374.81368
-1.658516988475612 -0.4356764798678062 0.0 1.0 316.96602
1.087579736603074 1.3232103401494448 2.0 3.0 426.55829
2.210333853500745 0.7620140439096585 3.0 3.0 437.06292
-0.217845461588118 -3.62713134697281 1.0 1.0 383.32067
-1.5838907290969735 -1.0511244704006069 1.0 1.0 339.72849
-2.13731387353788 2.1196708192948943 0.0 0.0 189.14257
-0.5621600718539195 0.1780916155386241 1.0 1.0 324.41299
4.085237720348309 -0.03968334168364468 2.0 2.0 415.13393
0.6144654791041129 -1.3379498987391758 1.0 1.0 378.40825
2.3018341181039186 -0.2460680678655141 2.0 2.0 427.70289
2.07617234838723 0.3985232496866469 3.0 3.0 450.32869
0.2462701401477972 -0.12094406536193396 2.0 1.0 424.36952
-0.522708926788694 -0.6768103082446691 1.0 1.0 350.22186
-1.9698128186961805 -1.5732376051328316 1.0 1.0 354.68634
3.002375590525136 0.1932669997957431 2.0 3.0 426.91061
-1.1159460505580538 -1.776124702829547 1.0 1.0 340.90595
-2.159473913871677 0.545441391554588 1.0 0.0 349.9032
-2.53902609885309 2.1590932989720666 0.0 0.0 305.18656
1.6226852900511581 -0.9488280124408893 2.0 2.0 423.29934
2.5820794716660624 0.6046608588481779 2.0 2.0 424.28499
-1.1634814027310714 -2.306790736830468 1.0 1.0 347.53031
1.2927825369681967 0.29371003550004693 2.0 3.0 421.5986
-1.9605753878294003 2.4425123793726056 0.0 0.0 152.18042
2.2090445216253447 0.5022758734053304 2.0 2.0 406.46026
2.24028099391623 -0.4545735431760116 2.0 2.0 415.70584
-2.167644399783575 2.082868519876587 0.0 0.0 318.64877
2.0670826255601558 -0.4677668564424867 2.0 3.0 420.25451
3.3416619246070134 -0.18821332003735208 3.0 3.0 436.26743
-2.2015604397207476 -1.0628528579567502 1.0 1.0 364.35803
-2.1157218645678757 -0.3817584911622528 1.0 1.0 332.78409
-2.27412168125663 -1.133685178511617 1.0 1.0 371.63431
0.3018000981623705 -0.06149235801772401 3.0 1.0 441.03821
4.595201496938668 -0.8476367487043452 2.0 2.0 420.91553
-0.99098057416459 -1.9654069709508195 1.0 1.0 362.22274
0.9604492717047489 0.8363701662977553 3.0 3.0 430.82252
2.5398988656629413 0.10477966129591358 2.0 3.0 420.29376
-0.3529462581479531 -2.887590935170482 1.0 1.0 384.73529
-1.698680173095113 2.5913178825126617 0.0 0.0 182.20851
-1.8426906261264744 -2.0510691942417476 1.0 1.0 391.72466
0.787251699330835 0.13956199903899322 2.0 3.0 406.39627
0.08641911716542745 -1.5754932520633584 1.0 1.0 372.41503
-2.1457252344404187 1.2541299213277928 0.0 0.0 216.07403
3.1758898263117334 0.25946969691078137 2.0 2.0 415.26416
-1.6700783943909103 1.779061965732082 0.0 0.0 306.67119
2.1913480361451945 0.06253658656633003 2.0 2.0 411.3921
0.022915869668004917 -1.174353711023787 2.0 1.0 423.95709
-1.6451618825833423 -1.2347748921093464 1.0 1.0 363.12946
-0.8035909963598034 -1.1600798987109135 1.0 1.0 370.42409
-1.4651853267694506 1.3660477152270971 0.0 0.0 220.65216
2.974336165677697 0.4073644479537726 3.0 3.0 448.80505
1.9183747129325928 -0.031001270197028287 2.0 2.0 411.33371
-2.6081958678681625 -2.3733503929246775 1.0 1.0 381.11012
-1.5849197176386525 -1.452906954527035 1.0 1.0 375.72512
-2.1412822827754843 0.25087787273183804 1.0 1.0 392.73051
-1.675940262456657 0.08240941684066339 1.0 1.0 386.70942
-0.757542576708961 -0.5458209717619767 1.0 1.0 372.93201
2.990021903906188 -0.030772082660443862 2.0 2.0 423.79612
-1.1097107382228886 2.679332843127119 0.0 0.0 95.34597
-0.30456968540875295 0.08102050409211248 2.0 1.0 407.75333
1.9212868851714022 0.8194628680313142 2.0 2.0 426.07007
0.6911636338755964 0.13656648066298765 3.0 3.0 435.57602
-1.9783594414348122 -1.3259457752271264 1.0 1.0 355.85957
2.2993567567127227 -0.43078758401640294 2.0 2.0 411.89298
-0.8455016250646106 1.1114361844521397 0.0 0.0 279.6264
3.6755365012525614 -0.4065695589349416 2.0 2.0 422.13478
3.36368662435754 -0.8294298991774061 2.0 2.0 422.80689
2.781097671794306 0.8637121126768889 2.0 2.0 423.34712
-2.146113317508016 -1.1993567244091585 1.0 1.0 362.95081
-2.515646603745408 1.0086533542707488 0.0 0.0 286.9604
-2.0128646205712024 0.5891019529990849 0.0 0.0 222.3973
2.8526602170104898 -0.5447358507979075 2.0 2.0 405.18147
-0.9735730691146016 -1.3602800676781368 1.0 1.0 357.67176
1.8925754251222628 -0.32682783665230025 2.0 2.0 405.68594
-0.9367449707213429 0.14027298020688925 1.0 1.0 338.64066
-1.5228594288817443 -2.7199879821413977 1.0 1.0 371.46421
-2.2566753211180117 -0.727148339538254 1.0 1.0 353.2481
-1.9090540894237726 -0.9942217902023485 1.0 1.0 335.86065
1.5731272487225936 1.3164926515747506 3.0 3.0 430.83523
-1.1350593517428107 0.2760241047648525 1.0 1.0 368.18356
-1.6253190762522105 2.5774655287607215 0.0 0.0 79.65425
2.514931348601705 -0.24000147066336522 3.0 2.0 430.70261
1.1322247854169873 0.39568063230234773 2.0 3.0 425.0696
0.7458434826455037 -0.6384113915797018 1.0 2.0 391.22669
1.032597952013221 0.14285160737667543 3.0 3.0 436.34454
4.799190860755844 3.187030294329211 2.0 2.0 407.99353
-0.629277223543408 -0.1348330311224342 1.0 1.0 365.45018
-1.9274035264418445 -2.5253123626426137 1.0 1.0 353.27944
-2.047770729863866 -1.5340959136774646 1.0 1.0 375.76734
-0.6187145257567332 -0.25013287103683435 2.0 1.0 415.413
-2.0447833246109193 3.2895658847244307 0.0 0.0 93.98901
-0.74829457534937 -2.646050798816756 1.0 1.0 380.42077
3.162141732992193 -0.02851373905963113 2.0 2.0 428.6214
0.7176244188673933 -0.23616788761052412 1.0 1.0 379.36092
2.9769656634741986 -0.32781637958472293 3.0 3.0 440.97337
-2.0514393031569154 3.079219255961305 0.0 0.0 274.2287
-2.055540814772173 1.789051815827843 0.0 0.0 224.72741
-1.6379454703965424 -1.0831600561556838 1.0 1.0 351.56912
0.7414586796844038 0.22472164513129156 2.0 3.0 426.07165
-1.9692227025236027 -1.0266322884217562 0.0 1.0 249.43263
4.584921309765869 0.04182255729241594 1.0 2.0 391.76945
-1.0551540802572892 -2.1936560726868994 1.0 1.0 372.91054
-1.4867002449195263 -1.1659993819387287 1.0 1.0 357.0554
4.266782030754477 0.2369330031433608 2.0 2.0 424.23323
-1.400419252879286 1.2483797650792106 0.0 0.0 303.06046
1.5894693774549404 0.5394383725406667 2.0 3.0 426.24256
-1.4690233282660021 -1.0067630364545475 1.0 1.0 379.40662
0.6519035482643122 -0.19838133733823082 3.0 3.0 437.16093
-1.0783673602779913 -3.467416359419794 1.0 1.0 381.9293
-2.209535618407775 2.373808953857806 0.0 0.0 80.6538
-1.3281028490731632 -1.9751243809485153 1.0 1.0 373.03728
2.108320023232545 0.7548635460870304 3.0 3.0 430.02457
5.065401329518486 -0.7899661245340405 2.0 2.0 423.47073
-1.3359898258136378 -2.7324188312086943 1.0 1.0 350.27542
-1.6137698936807943 -0.9261742021456218 1.0 1.0 350.2457
-2.1857525762293077 -1.7298619323477966 1.0 1.0 330.20661
-1.307396944659443 0.4208560150333462 1.0 1.0 367.24678
-2.3688821138019023 0.316297989145682 1.0 0.0 371.31876
-1.3984506981519298 1.395946041677679 0.0 0.0 217.90346
0.3422329413211292 -0.7678130686976722 1.0 1.0 327.38552
-1.8700895664146566 0.8721786847461203 0.0 0.0 182.78255
0.14189722065392862 0.037677472415388075 0.0 1.0 317.37208
-0.8385461507079965 -0.17353813182785602 1.0 1.0 329.0666
-2.459832255490992 1.2297896614981052 0.0 0.0 221.9183
-0.974652814043985 -1.3793224008601024 1.0 1.0 389.29629
-1.6583761438222617 1.4483386192552854 0.0 0.0 60.2971
-1.8466199763232818 -1.6436738937624817 1.0 1.0 364.11473
-1.5490309934616524 -0.7672489042275884 1.0 1.0 370.36926
0.2743757564342006 -1.363904753972308 1.0 1.0 376.22819
1.26256579674426 -1.0053734251560398 2.0 3.0 425.17916
-2.3517732195675185 -1.141142782131715 0.0 1.0 285.03607
-1.8623351178804173 -1.8685585717394844 1.0 1.0 371.64559
-2.376319429066465 1.4788146619371079 0.0 0.0 317.10438
-1.413699980950534 -0.6895041389780092 1.0 1.0 333.11209
-3.0228614977279413 1.1984852967298374 0.0 0.0 239.42426
-1.8647043322391172 -1.0268728862755878 1.0 1.0 332.46131
-1.3443021241074764 0.43596545627844785 0.0 0.0 188.00681
-2.732078061164847 2.2366129953510803 0.0 0.0 280.18334
2.2487490783497157 -0.8785592486091091 2.0 3.0 427.41921
-1.9546950644194836 0.33957526937806437 0.0 1.0 231.76351
-1.5851331482835116 -1.524739595827369 1.0 1.0 360.50187
-2.1685556230611267 1.2258316947742771 0.0 0.0 283.27722
-0.28759052637421756 -2.111887283696945 1.0 1.0 376.38899
3.165252508768842 0.6834123997573307 2.0 2.0 412.57406
-1.7994291934034337 2.0986096784413495 0.0 0.0 59.24825
1.1462640740078407 -0.24463749584325764 3.0 3.0 431.16708
-0.9692957950212799 -2.2815737763578587 1.0 1.0 360.36421
2.4854220336870445 -0.13373305682583259 2.0 2.0 425.46791
-1.3088116590798544 3.306175112202829 0.0 0.0 116.03018
3.3935619243036492 1.6723424653990209 3.0 3.0 429.96091
-1.5436451378044853 3.246615908485745 0.0 0.0 166.06197
4.011138223726713 -0.4373025532731827 2.0 2.0 424.16337
0.5275288126645648 -0.6700162945890158 3.0 1.0 429.86417
-1.3307615401296995 1.1061776421305243 0.0 0.0 302.3035
2.3072863833284845 1.5304296789059837 2.0 3.0 422.21337
4.378345857752025 0.2859526868246331 2.0 2.0 423.29539
-1.2958327969774976 2.9151036558656416 0.0 0.0 224.67728
3.700718826606484 0.20713167909962782 2.0 2.0 411.96537
-2.5390260988530904 2.159093298972066 0.0 0.0 319.2716
-1.1500259719994024 -0.625897188279019 1.0 1.0 386.82752
1.889918522244678 -0.4611435983400636 3.0 3.0 430.0866
-1.7044573010347104 3.2336667665746273 0.0 0.0 225.74933
-1.0391154086801666 1.240016619638047 0.0 0.0 308.10352
-0.8892366651139653 -0.0003139846006446584 1.0 1.0 384.93909
1.7058401299791601 0.08709199725261925 3.0 3.0 441.33481
1.8218711196564903 -0.7779724775690141 2.0 2.0 422.50252
-0.47662286971152484 0.03545674288932987 3.0 1.0 444.39421
-1.652178597297044 -0.6288958160127436 1.0 1.0 321.09222
-1.8305114915624312 2.5496637687659085 0.0 0.0 216.44475
-0.6112416826331445 0.3914298623666598 1.0 1.0 350.57387
1.9224569374264606 -0.9878484622988243 2.0 2.0 422.6776
-0.8777778474546334 2.0883022875998605 0.0 0.0 316.73954
2.3924936438946154 0.7278073963823444 3.0 3.0 438.69483
-1.0767726061287908 -0.9563711462779727 1.0 1.0 382.84273
1.747953702593822 1.3162495763630522 3.0 3.0 437.928
-1.7990239236293124 0.4023119080920608 0.0 1.0 298.61735
-0.6606608328106568 -0.44897331891177045 0.0 1.0 263.43365
2.152048940821228 -0.3200379143270923 3.0 3.0 430.66443
-2.411554470317952 1.2450540493893356 0.0 0.0 226.01898
-1.0593356727344008 0.10975861870727653 1.0 1.0 359.32448
-1.5240792689092633 -0.0466784893168823 1.0 1.0 360.97502
-1.6025415583671676 -0.930816330721339 3.0 1.0 430.25089
3.276491613583577 0.5478967546368493 3.0 3.0 447.43265
0.0195479601579354 0.3194059194760137 3.0 1.0 443.9506
2.7170115777313244 -0.7675235112795334 3.0 2.0 430.85454
1.4686522105196589 0.4652239121280454 2.0 3.0 418.27467
-0.050820786702766685 0.46076472334950785 1.0 3.0 330.74687
-1.275709691488061 -1.2966227305521272 1.0 1.0 396.71418
-2.3244244763012243 1.7635701405752227 0.0 0.0 288.79295
1.8869383974363054 -0.3584086014769728 2.0 2.0 417.69552
2.4585960310375037 0.5635924657870581 3.0 3.0 441.59519
-1.1713633450573195 -1.9580842216342553 1.0 1.0 327.02487
2.991729930253081 0.8235583417459182 3.0 3.0 440.36911
-1.5651114966723514 2.602054806655312 0.0 0.0 130.65998
1.7640971397571175 -0.6795521621516173 2.0 2.0 422.81811
2.4431360203578336 0.14620229474891497 2.0 2.0 427.32195
-0.5974968120365474 -2.1674357142192338 1.0 1.0 370.11123
-2.9314144659352874 3.242095592463238 0.0 0.0 266.19661
2.827437266961168 0.3138367118727806 3.0 3.0 442.57548
3.7896650315465807 0.8924359264165294 3.0 3.0 436.98087
1.5267326099086564 0.48661675037213986 1.0 3.0 377.45601
-1.4511901395695388 0.27047820486084734 1.0 1.0 334.12205
3.084560473589715 0.03695104391789135 2.0 2.0 426.94266
-2.466986432342514 -1.7287992559973357 1.0 1.0 329.38041
-1.0856562779040029 -0.15848612604445075 1.0 1.0 342.61953
-1.6894250679475253 -1.0853623540169013 1.0 1.0 344.22936
2.0306908699427226 -1.0532806221505109 3.0 2.0 432.83589
-0.98087966553457 1.3510390577063875 0.0 0.0 289.5078
-2.170891588708872 -1.4747673792787117 0.0 1.0 210.39673
-1.6076935922238278 -1.653010462973693 1.0 1.0 386.81527
1.8485744962556196 1.1771754257619316 3.0 2.0 438.09756
3.1264093773363393 -1.1565672200619481 2.0 2.0 413.1102
2.1980470422455376 -0.17367319785153024 2.0 2.0 426.58828
-0.9381289771608462 -1.388384565448211 1.0 1.0 401.6825
0.573194651885471 -0.05559984408661288 2.0 2.0 420.70763
-2.240132183949281 0.8955835980797441 0.0 0.0 286.0768
3.292706287631021 -1.4074074159591319 2.0 2.0 426.79747
-2.0745844447069914 -4.848192391481547 1.0 1.0 363.64214
2.836016228532354 1.36822999034112 3.0 2.0 430.98101
-2.0125407121502628 -1.8087410798887325 1.0 1.0 333.94086
-1.6307475468002441 -1.2081492325622634 1.0 1.0 370.68503
-1.67442973696311 -1.1113477518666735 1.0 1.0 339.30988
-1.9520071888579795 -0.0201398585719112 1.0 1.0 385.24554
-1.4869480262822652 -2.0915946391210443 1.0 1.0 384.47668
1.2685635350008653 -0.2669012682721796 3.0 3.0 440.17981
-1.6135449723365918 -0.866818275893505 1.0 1.0 321.52807
-1.0526686685974207 2.5556543634889173 0.0 0.0 147.06513
-1.1524620204210172 1.9322626418807145 0.0 0.0 199.24186
-1.3773024531612117 3.5650014129535275 0.0 0.0 89.23002
-1.5556818106730879 -1.2882249719117371 1.0 1.0 329.46929
-2.5105414778506887 -0.6302562661367899 0.0 1.0 306.81349
3.0747537994194714 0.3042244863452513 3.0 3.0 449.73517
2.9758302070452016 0.6979358118527108 3.0 3.0 444.529
3.1287661002795657 -0.050609106803780037 2.0 2.0 414.73913
2.440423930656296 -0.421036599056733 2.0 2.0 425.84996
-0.9979676888270997 -0.2667466550459758 1.0 1.0 323.63667
2.4476150118036744 -0.03433656334266221 2.0 3.0 427.01312
3.1549765731962847 0.00115810686355333 2.0 2.0 422.27067
1.3527812285337872 0.907973307546422 3.0 3.0 432.3666
2.4324527026709863 0.7137961026913962 2.0 3.0 428.77712
-2.1809237099701826 -2.096310090130541 1.0 1.0 388.6737
2.737394040811787 0.8183577045616613 3.0 3.0 441.76918
-0.08802205705445021 -0.345616565810233 3.0 1.0 435.34021
1.9753636693857017 0.471305939878968 2.0 3.0 402.6548
2.1296693646991667 -0.2090574856658271 3.0 3.0 444.99082
-1.8671480967442282 0.42864809575381585 1.0 0.0 379.56899
-2.399518368034782 2.466183871441632 0.0 0.0 269.3253
3.06829252795409 0.4132485518784136 3.0 3.0 438.79891
1.6620994432277187 -0.856980441749972 1.0 2.0 395.98626
2.9758474752290023 -0.037527764328053805 2.0 2.0 422.68995
-1.4998266813536776 3.5522370023105436 0.0 0.0 76.69398
2.8110035253153054 0.06578940389541231 3.0 3.0 445.27603
-2.487125361213688 -0.846443518384414 0.0 1.0 315.08621
-1.6002953511262037 1.7943486804526498 0.0 0.0 147.35914
-1.4641329400821181 -1.0130957042943636 1.0 1.0 377.42286
-0.27106761721760625 -0.13866144419178691 1.0 1.0 342.24803
-2.188924239100709 -1.5796719617281154 1.0 1.0 395.40192
-2.519246922841352 0.29021873955630917 1.0 0.0 401.77091
-1.4117624339186279 -1.9603931570224187 1.0 1.0 360.08196
2.31598851896952 0.17639695783814238 2.0 2.0 423.44171
-2.147955849373934 1.7145416319197853 0.0 0.0 317.93286
1.8851192126948848 -0.3202658363920884 2.0 2.0 415.97488
-3.363655943939058 -0.7907107261787195 1.0 1.0 327.9955
-1.0966431363920786 -1.5159725356576463 1.0 1.0 390.95607
0.3714428313705601 0.9287600881575868 3.0 3.0 444.99796
0.07144135696007833 -0.20288073117089286 1.0 1.0 321.54728
2.8116630206176616 0.8706948988454292 2.0 2.0 412.49987
-1.540930271208929 -2.033573125351348 1.0 1.0 381.58989
3.954344976351291 0.3335230750511338 2.0 2.0 426.25266
-1.2061360870198337 1.0266153372286024 3.0 0.0 441.12063
-2.3061278041828004 2.1571382378480313 0.0 0.0 68.15889
-1.5485402069547352 2.202165995652916 0.0 0.0 187.92568
-1.5767971410076267 2.846075011849349 0.0 0.0 95.27366
-1.248333607003412 -0.5501182382193036 1.0 1.0 370.4404
-1.7761280570692206 -2.1922763620518757 1.0 1.0 387.82695
0.042636140404899915 0.352437164517483 3.0 1.0 438.76405
2.795276495595788 0.25639958263315954 2.0 2.0 415.13504
-2.692101261135431 1.956829484245774 0.0 0.0 286.9649
-1.2298656392971763 -2.2043239817908056 1.0 1.0 376.819
4.444605719517398 -1.5880702562458426 2.0 2.0 418.05567
2.718949200987204 -0.4163600908647406 3.0 3.0 452.96047
-1.3563895200935567 0.3367413945316516 1.0 1.0 360.62777
2.5827613450393603 0.00041628094233991134 3.0 3.0 445.07853
3.507120583620347 1.2398280513448465 3.0 3.0 447.43042
-1.4325912274313253 0.5721488192882316 0.0 0.0 309.78638
3.216217460519379 0.38039409213880515 3.0 3.0 435.11207
-1.6923435192258025 -2.073128239732788 1.0 1.0 343.36341
3.664836931904006 0.9623897264430156 3.0 3.0 432.25549
-2.2185174659699505 -0.34610345957072625 1.0 1.0 346.2138
-0.8132951934097334 0.026327088526692036 2.0 1.0 402.13629
-1.0261714061424965 -0.05673324145256198 1.0 1.0 338.28303
-2.5701560312055753 1.3777688649227502 0.0 0.0 220.10371
-0.9955944800487416 0.37170636519341077 0.0 1.0 234.02589
-2.191381131109957 0.7656755322672055 0.0 0.0 282.31377
-0.26395808975389 0.10594699188058501 3.0 1.0 433.09939
0.3912252257787398 0.33318943313621163 3.0 3.0 448.67401
-1.6188458596021686 -1.4500928474218846 2.0 1.0 402.48076
-1.8337948849829178 -1.8877443800224658 1.0 1.0 378.85884
-1.6712588622580302 -1.1996214387197681 1.0 1.0 357.87291
-2.3586420251721925 -2.9260984054985695 1.0 1.0 385.11908
-1.9350098580123145 2.4615721635096715 0.0 0.0 91.45803
-1.4615321719205994 -2.0935018912016217 1.0 1.0 372.51752
1.5462094662006196 -0.8277866354284729 3.0 3.0 449.44286
2.322044034790818 0.7796407925926472 3.0 3.0 437.14688
2.729992034436967 0.4478898239573184 3.0 3.0 435.65395
3.1689465075159204 -0.4545643645175503 2.0 2.0 428.25765
-1.613769893680794 -0.926174202145622 1.0 1.0 344.56227
-1.4898130321421552 -1.0566041781507103 1.0 1.0 375.7153
-0.023074336656390977 0.5919430865882329 0.0 0.0 296.94269
1.6522503208247923 0.9489951470830146 2.0 2.0 428.07207
-1.855095518883428 2.5484466767578433 0.0 0.0 102.88527
-1.724347912627507 0.59872057114196 1.0 0.0 335.09049
-0.6240484561712939 -2.294999024826095 1.0 1.0 329.25609
-2.958130622809239 1.0555730366644567 1.0 0.0 350.51623
2.2655769128707144 0.20338938415670962 3.0 3.0 446.12803
3.3793105111543937 -0.25094000578688325 2.0 2.0 421.20714
0.6416395778810856 -0.1759717390556845 3.0 3.0 431.26279
1.6876581215422288 0.45379906833947864 3.0 3.0 434.91499
-1.8456244858598398 0.5049294459879002 1.0 0.0 390.91487
-2.0400361264050346 -1.0752051704237722 1.0 1.0 359.03103
-1.943316029588522 3.0964373085894095 0.0 0.0 184.38264
3.951073813108906 0.5465371109541658 2.0 2.0 419.24347
-3.720423026521585 -0.06467023013887006 0.0 1.0 255.05151
-0.8908689816020665 -1.5853034818715137 1.0 1.0 366.74439
-1.2609186034840059 2.4151658721837235 0.0 0.0 250.39759
0.8742535753641478 -0.11945146281136063 3.0 3.0 437.51369
2.282061815875243 0.3512247308022216 2.0 2.0 426.4728
1.2271427159036152 0.371631287689164 2.0 2.0 421.80224
3.3310638288586207 -1.149471661887474 3.0 2.0 429.90076
0.9372267510213346 0.08175138422456943 3.0 3.0 442.4223
-0.8543950321914723 2.446813513356856 0.0 0.0 171.54806
-1.9465607421709359 2.987464370231854 0.0 0.0 250.5758
0.30940322989802876 0.3229195191745845 3.0 3.0 435.58635
3.150156305655515 -0.24046061188811862 2.0 2.0 423.28317
2.169064868769625 -0.12157073241601925 2.0 2.0 421.37588
-1.6699051397032825 0.23781390324051405 1.0 1.0 372.90217
-0.3061788521659285 -4.090729740814941 1.0 1.0 349.80239
1.1804369982803735 0.9550207480432604 3.0 3.0 438.16786
-1.952648823391479 1.1875326891243432 0.0 0.0 276.37991
-0.35277583768631693 -1.8440595936005648 1.0 1.0 376.81369
2.8036506577536913 0.01958223649757441 2.0 2.0 418.89317
-1.5391485895131434 -0.8267389355897441 1.0 1.0 352.17159
1.1930401270727646 0.5242880500819393 2.0 2.0 418.6804
3.4753277465055255 0.21173561948417116 3.0 2.0 445.52733
-1.6662940693560628 -1.9798555944911451 1.0 1.0 360.84318
3.205624722205433 -0.6272823870780454 2.0 2.0 422.91644
-0.9980127843703039 -1.8223007292398774 1.0 1.0 378.59715
-1.4690905998394261 -0.3564333866331762 1.0 1.0 350.25937
2.014123725646704 0.38588258663346187 3.0 3.0 429.8851
-2.2791745975631796 -2.625662313505018 1.0 1.0 363.79936
-3.4831398727788967 3.042625186138238 0.0 0.0 307.16498
-0.878883440580741 -2.882948854872595 1.0 1.0 384.07364
-1.5509509930079424 0.9094166730536014 0.0 0.0 299.31466
-2.271727822229125 2.353201061790438 0.0 0.0 66.42687
-1.186441621352548 0.2759909948572188 1.0 0.0 323.68467
2.5341210715170424 -0.4941041467178469 2.0 2.0 408.18331
2.528114780369382 0.07872430106675003 3.0 3.0 441.42136
0.21056062834616004 0.4821313802920878 1.0 1.0 398.04869
0.9741659733243875 1.2272995630613535 3.0 3.0 434.08423
3.1805152738853315 -1.2088567501524354 2.0 2.0 407.75759
0.7061070755600928 0.5121717709845276 3.0 3.0 441.13479
-0.8256755254808084 -0.801740349650363 1.0 1.0 374.88498
3.207391208827611 -0.13447808515856208 2.0 2.0 423.03563
2.5516000394304017 -0.36905669906643096 3.0 3.0 431.71979
1.981857417729845 0.5161494591998721 3.0 3.0 447.13308
-1.2482822676146574 -0.6028078459076396 1.0 1.0 380.92457
2.075843108245222 -0.2963726931892077 2.0 2.0 422.82531
-0.4723174678824125 -2.1109984398378385 1.0 1.0 383.50256
-3.4833420272929088 -0.821238388472386 1.0 1.0 359.28139
1.3809062610458673 0.3766031222372306 3.0 3.0 429.33843
-2.1598917348592885 1.9632750781868646 0.0 0.0 188.92569
-0.8364680795329925 2.9122622573503505 0.0 0.0 161.41212
-2.3715403506896253 -2.717774766424406 1.0 1.0 392.44013
3.314044620037552 -0.2100320629246555 2.0 2.0 422.14356
-0.9047964960794859 0.007925831265820306 0.0 1.0 264.01132
0.22107066306815043 -0.8047930438861398 1.0 1.0 358.56838
0.3642190159496951 -1.3992195882849474 0.0 1.0 275.51473
1.6227552025908132 0.35042498448572523 3.0 3.0 437.49667
0.9582510129026137 -0.40610251747409276 0.0 3.0 318.84179
0.6842588049011475 1.306022956421172 3.0 3.0 440.3172
2.330922938350672 0.023427167039012892 3.0 3.0 445.57492
-1.8647043322391177 -1.0268728862755871 1.0 1.0 347.11357
-1.053354553857861 0.0028026204317612687 1.0 1.0 391.42173
-0.9999335919847107 -1.6847497163011238 1.0 1.0 376.9867
-0.3531836537829341 -0.6939952560194825 1.0 1.0 348.12483
-1.7787070930474544 1.5065808120986421 0.0 0.0 294.77803
2.237662193425786 -1.1005222897897253 3.0 2.0 430.76974
1.1140395334934423 0.1680244912977368 2.0 2.0 427.05613
-1.2356125461967826 -1.9913729924601655 1.0 1.0 389.12497
0.6543317144605941 0.09898277529741566 0.0 3.0 274.69076
0.5858270184457135 0.07862894141518897 2.0 2.0 414.32276
-1.5072430232201808 -0.5245823790772061 1.0 1.0 372.5287
2.6238911125109876 0.6162082467527404 3.0 3.0 446.32546
2.482723813803584 0.668184644584439 3.0 3.0 436.34788
-1.5097346372441531 -1.4802563357112533 1.0 1.0 380.47302
3.2626959316717796 0.8243835634110009 3.0 3.0 440.44596
-0.8681094845272622 -0.33581129469274296 1.0 1.0 369.34259
3.8084168563657985 -0.020048277022517047 2.0 2.0 426.02556
-1.1280818559661614 -0.01451639116112134 1.0 1.0 327.1327
-1.9741747326353787 2.4252688773312996 0.0 0.0 230.14789
0.5227517909389475 -1.3836916984493908 1.0 1.0 393.16837
-1.9494201617809384 1.9384048521551853 0.0 0.0 212.52482
-1.6274358991262554 2.4265891913172593 0.0 0.0 234.94902
-1.9018142830133935 0.09808560250325028 0.0 1.0 197.05274
-1.9965919694083774 2.0161260401860424 0.0 0.0 309.06081
-2.4869519852327087 1.496285407464426 0.0 0.0 295.57814
-1.8624531775689461 -1.9040125866005184 1.0 1.0 344.15764
2.5123893480882287 -1.0332759421841886 2.0 2.0 421.82917
-1.574614922063323 0.8639399099705872 0.0 0.0 317.85262
-2.8159527390835137 -2.5771662842652225 1.0 1.0 383.28436
-2.4906743256882478 1.618015216566298 1.0 0.0 334.20497
2.031471870943874 -1.180826287426728 2.0 2.0 409.267
-0.6446877254464862 2.1154692271731625 0.0 0.0 300.36275
4.376319995945416 0.11265475928683519 2.0 2.0 428.17164
2.818299718867579 1.4735169223027387 3.0 3.0 442.54917
-0.03488698814738739 -1.0324402675350144 3.0 1.0 444.37929
-0.28212922867409074 -0.3622716186041273 1.0 1.0 369.33534
-1.434677459655305 -0.4044889452926128 0.0 1.0 103.35889
-1.6662940693560633 -1.9798555944911451 1.0 1.0 345.44047
-1.0798643049404157 0.0039265746961827126 0.0 1.0 284.10211
2.171712369011006 1.2215363399618098 3.0 3.0 443.62275
-1.8385753827997742 -1.4197981742011279 1.0 1.0 349.47542
-0.3087035163224105 -2.7996804293147326 1.0 1.0 380.13406
-0.9379358990280318 1.3089617902713944 0.0 0.0 265.9579
-1.4153107852452416 -0.9984648472018552 1.0 1.0 359.39952
-1.7749535650347643 1.6112046181401085 0.0 0.0 277.09838
2.3151700161477606 0.4590461921423312 3.0 3.0 439.61963
-1.321528842390455 -2.061880134894811 1.0 1.0 386.42366
2.2316119536807943 0.15277240369104284 2.0 2.0 420.47251
-1.3740993285325924 -0.936234060070291 1.0 1.0 354.16528
-1.3679813809803254 1.8471843495594875 0.0 0.0 152.25511
0.11852308552130096 -0.9419994828131011 3.0 1.0 429.05299
-1.7142386352925438 -2.831186818465864 1.0 1.0 356.12725
-0.9695698802580759 0.6868566946531864 0.0 0.0 266.3089
2.6137960784732424 -0.8986938401857 3.0 2.0 431.12752
-1.0239109783077394 2.486128230057383 0.0 0.0 75.37062
2.1272378407874317 0.4330782171941679 3.0 3.0 434.80667
2.5401002613097594 -0.3050645800141989 2.0 2.0 407.00607
-1.6597309531062343 -2.1576223232219096 1.0 1.0 348.83039
2.8720356961558138 0.10439528064607224 2.0 2.0 427.66803
2.5902205118155384 0.7952275467427791 2.0 3.0 424.25733
-1.1652861975425504 -0.8252408453073599 1.0 1.0 349.69566
1.8213023711623952 -0.49200245082320865 2.0 2.0 402.85056
3.44703644759724 -0.6315673204363801 2.0 2.0 423.65579
3.818750323486063 -1.4355396417847373 3.0 2.0 430.51606
-0.267561306135616 0.8766743473191847 3.0 0.0 437.4012
-1.997906843880037 0.35837516218341164 1.0 1.0 346.23371
-0.22182077106998827 -2.709573558657395 1.0 1.0 372.52639
-2.154670453375395 1.4815097402213875 0.0 0.0 293.65035
-2.4217373472318418 1.1685753198342452 0.0 0.0 289.68861
-1.4846995359237847 -1.0130920112643473 1.0 1.0 360.88212
2.4162148018070657 0.5513066267412485 2.0 2.0 427.08052
-1.7663686350404748 -0.8470789883075371 1.0 1.0 353.93629
2.3925340104508748 -0.1926931764237086 2.0 2.0 402.27137
3.1877288295416295 -0.3942770594498376 3.0 3.0 442.9565
-2.4098499888957043 0.578425190652939 1.0 0.0 350.82955
-1.4127818396479865 0.33472372674238876 0.0 1.0 249.41291
-1.8223672514708145 -0.6413441644717113 1.0 1.0 344.06661
1.5796712699266222 0.17552142812695526 3.0 3.0 442.75809
-0.6700098111124725 -1.7487380152633982 1.0 1.0 384.04348
-1.0599562910843991 2.0065258967435087 0.0 0.0 309.83113
2.216981203120463 0.4677219219089182 3.0 3.0 429.31502
3.036073069912671 0.22711154009091258 3.0 3.0 446.81083
1.306380454600325 0.5340576897899526 3.0 3.0 439.75131
-2.1433288311523184 -2.5504422399792306 1.0 1.0 364.30063
-1.2606878387490075 -2.3095269207417766 1.0 1.0 365.62981
-1.3484952961662435 -1.5673135031226648 1.0 1.0 367.30789
-1.6872106893497076 -1.1308089721014354 1.0 1.0 394.07924
-0.9610793131649077 -1.3877730980828467 1.0 1.0 386.41528
-2.2435285439608137 3.7910930264450653 0.0 0.0 96.99975
1.429129322263057 -1.2643404872138029 1.0 2.0 384.20425
-1.9705615185828453 2.8419610169370992 0.0 0.0 192.91995
-1.3996776418329548 -0.9939111794175338 0.0 1.0 231.28339
1.9864047490770973 0.12647087153069755 3.0 3.0 443.87037
3.1176226895389108 0.33951385420009206 2.0 2.0 406.91701
1.9892223276754355 0.5072296489136953 3.0 3.0 442.21946
-0.8202407424524224 -0.8352892537254228 1.0 1.0 385.61259
0.5275139475309778 -0.2613905029346886 0.0 3.0 287.95162
1.8228903805319365 -0.3833601041148064 1.0 2.0 398.01222
2.932629109079922 -0.5301968583253001 2.0 2.0 427.73749
-2.5600906801386407 -0.1870499229621475 1.0 1.0 342.75304
-0.21429463986860897 1.2956043899785843 0.0 0.0 156.59555
-0.5899840133668852 -0.43633384709561546 1.0 1.0 334.57737
-1.46940160744564 -0.5611503829070165 1.0 1.0 370.44226
4.28868624244171 -0.41806635168630946 2.0 2.0 408.21209
-2.4098499888957043 0.578425190652939 0.0 0.0 298.77767
2.840437533694941 -0.8294666217795423 2.0 2.0 427.2183
-2.9593610139194513 -1.0124158244045107 1.0 1.0 380.6408
2.0124797287219414 0.18152181978452164 2.0 2.0 416.37727
-0.9931995480345828 0.05604928084737284 1.0 1.0 322.85853
2.1384952080939232 -0.22892977192706895 3.0 3.0 445.98808
4.053614740791048 0.5313547515175051 2.0 2.0 425.96726
1.0319500339091348 1.3342596309482009 1.0 3.0 383.26655
-2.413825797518715 -1.5283445265140543 1.0 1.0 350.5416
-1.3326062270557806 -0.540462411940776 1.0 1.0 338.18953
0.44158341608513263 -0.9123753499108247 1.0 1.0 379.25884
-0.990524967142916 1.928631101038861 0.0 0.0 271.67074
-1.6285365225397719 -0.045252149528983376 0.0 1.0 302.02864
1.834189515037277 0.810186205185376 3.0 2.0 433.29841
3.316711583432443 0.1273493025600051 2.0 2.0 416.16511
-1.8021829964875828 1.490895165690225 0.0 0.0 278.84819
-1.969847342208064 -1.3874402389843175 1.0 1.0 388.61568
-2.053988454489897 3.1042614982658123 0.0 0.0 172.09015
-2.006787580797109 0.042974980384155634 0.0 1.0 318.43472
0.8060251463643018 0.7042763659522835 2.0 3.0 424.41993
1.3503733816180856 -0.05011926266158142 3.0 3.0 439.17898
-1.1624731087949962 0.876636481975181 0.0 0.0 255.81961
-1.4169174153840394 0.02142962309571342 1.0 1.0 349.32403
-1.8624531775689461 -1.9040125866005184 1.0 1.0 342.19022
-2.0756056294639498 0.5756508010763197 0.0 0.0 307.61634
0.7943237182828375 -0.7429276789907916 2.0 2.0 426.03817
-1.9198183250648062 3.0173297355816984 0.0 0.0 162.5422
-1.8033152475844998 -2.3484377358377255 1.0 1.0 360.41922
-1.959489454956834 -1.4729369244808064 0.0 1.0 186.77131
-1.5679923933735587 -2.31470301646197 1.0 1.0 378.09932
2.2465814774785957 1.5024023447839567 3.0 3.0 435.36434
0.8474052044471536 -0.35223858788373075 3.0 3.0 435.80397
-2.365241515604583 3.8517540498073726 0.0 0.0 252.8333
-1.8333291125271753 -1.7275771235546349 1.0 1.0 354.69908
-1.8757821240884844 -0.290414635643737 1.0 1.0 366.92212
2.8546359497360028 -0.1592404449450437 2.0 2.0 418.86381
-1.5114586384949853 1.0943270298437906 0.0 0.0 307.87898
-1.7020347745809177 -2.705757307399257 1.0 1.0 357.39654
-1.956293266781359 -2.436231998762481 1.0 1.0 397.16464
2.6543847845434803 -0.21447352362722258 2.0 2.0 424.56986
0.26536765247420535 -0.38973884839229134 2.0 1.0 421.19514
1.381765181351062 0.39793719790737037 3.0 3.0 441.50933
1.426482875162102 0.5331364800025872 3.0 3.0 452.83861
0.6148450466566426 0.7175557778033804 3.0 3.0 429.7776
2.6261118235989542 -0.5218264324870528 2.0 2.0 416.44343
-2.4161939756269626 0.35868622528004246 1.0 0.0 349.17121
2.631499164434261 -1.161484156405966 2.0 2.0 421.09512
-2.1049011236997637 -2.0934905845649223 1.0 1.0 400.64426
-2.242300883391873 1.5349025345803373 0.0 0.0 241.86388
1.5618616416873792 -0.565032872471351 3.0 3.0 430.01119
2.357543689176336 0.5950565241498968 3.0 3.0 440.49728
2.704814296028281 0.7406265379486002 3.0 3.0 432.97668
-2.0570333636449813 2.562459219224172 0.0 0.0 267.26955
2.2831781434262473 0.6124328242313766 3.0 3.0 441.35694
-1.3260394208400663 -0.14416604162018692 1.0 1.0 337.81721
2.429474361827445 0.23664624553229208 2.0 2.0 426.22661
-1.1013138690885893 -0.4794358450329222 1.0 1.0 382.04692
-1.0247370930951425 -4.960231698065536 1.0 1.0 375.81041
-2.466986432342514 -1.7287992559973362 1.0 1.0 348.12641
2.581653825926486 0.565211644161911 2.0 3.0 424.68884
-1.7069207768975465 -0.5222893931860576 1.0 1.0 355.19312
-1.7787070930474544 1.5065808120986424 0.0 0.0 192.60876
2.0185879228460437 1.1986959044996628 2.0 2.0 423.47335
3.761333249923296 0.6067610007066166 1.0 2.0 391.10537
-2.1565053403232137 3.079257997942881 0.0 0.0 134.25489
1.513478861180537 1.6627659278991196 3.0 3.0 432.80475
-2.453417916670706 2.938519123539113 0.0 0.0 124.04266
-1.752019596598841 -1.9465013460554454 1.0 1.0 344.48221
-1.471615862178266 -0.20332304435491763 1.0 1.0 376.57039
3.3059393451313994 0.03496225644300026 3.0 2.0 430.78088
-1.9916058861503414 -1.3379049753480785 1.0 1.0 356.76706
-2.7139471448541346 -1.3261565511539262 1.0 1.0 395.89056
-2.472719207496193 3.1241136724110947 0.0 0.0 69.59332
-2.2931496095025925 0.45059812530444204 1.0 0.0 326.04517
-1.219213950588617 0.06993291812205692 1.0 1.0 393.02701
-1.2307101661449802 0.3291295110758467 1.0 1.0 372.52737
-2.8518475655217173 -1.2603502098655752 0.0 1.0 293.06871
-1.1156313141330625 0.9291593335673861 0.0 0.0 314.59841
-1.701890425340668 -2.6976028964631413 1.0 1.0 321.56255
0.9611710017179979 0.14620910319412514 1.0 3.0 386.09096
-1.67949363140246 -1.1357099937289035 1.0 1.0 361.64202
-2.024212352818435 0.04666538450001936 1.0 1.0 385.91988
-1.4750964035744765 2.7063272910043774 0.0 0.0 231.00009
0.03941110652998307 0.7571254402873672 0.0 0.0 309.86694
1.3684607623772345 0.38425345114785964 3.0 3.0 448.65528
0.7821810517157779 0.019076333417922968 3.0 3.0 438.97642
-1.8441801803300004 0.21974848201159397 0.0 1.0 311.91416
0.6396321873576374 0.25939381243589704 1.0 3.0 394.49568
0.5485161918573178 0.3200660351737602 2.0 3.0 419.62836
2.6492560118303308 -0.9389589289125173 3.0 2.0 434.24355
2.960518728767119 -1.2946838472487507 2.0 3.0 425.41128
0.2695381199451528 -1.1681290265640458 1.0 1.0 363.85873
0.24536661804381468 -0.19255023831288018 3.0 1.0 442.13663
-2.594127411030484 -0.6943453950495492 1.0 1.0 332.82854
0.749486907333346 -0.548071094163158 1.0 1.0 382.17549
2.8582882609377593 0.19530676007439685 2.0 2.0 413.99758
1.7751063631163346 -0.6698463038031751 3.0 3.0 435.64153
4.12232431184314 -0.3132639492331403 2.0 2.0 423.11203
1.015167708892472 -0.3769817828028265 1.0 2.0 383.94377
-2.4109759325174327 1.1930524297418388 0.0 0.0 278.01516
-1.3303943977443264 -1.7090943416986837 1.0 1.0 390.64971
2.9536623861047913 0.09914675789508647 2.0 2.0 428.05801
-1.9203652194701206 2.158356707074351 0.0 0.0 98.73497
1.8178651311070768 0.34568832894946666 2.0 2.0 425.56386
-0.1763391361055642 -0.03284626268485771 3.0 1.0 445.20412
3.5721700726876082 -0.14179041523345276 3.0 2.0 432.88522
2.26217987198322 1.456914752528129 3.0 3.0 436.4002
-1.713979413625716 2.7407833161742223 0.0 0.0 144.34021
2.8583006827851545 -0.08033868598251391 3.0 3.0 442.54947
-1.2472235258673976 0.1864057646758359 0.0 1.0 203.60596
-0.9721964321764754 3.1206951366649207 0.0 0.0 173.62304
1.9633939185287548 0.6460536980876894 3.0 3.0 438.36397
-1.7983527180765895 2.936927113457374 0.0 0.0 101.44591
-2.303699126398636 1.8621884585098831 0.0 0.0 218.58391
-1.61554524786698 -1.1397870995483976 1.0 1.0 373.27368
1.0836730864945 0.5551900565353773 3.0 3.0 447.56646
1.643514518519591 0.5169934867589416 3.0 3.0 443.37045
-2.024602228221176 0.6249395651203286 1.0 0.0 334.21662
-2.1485220210285014 1.6008902099142999 0.0 0.0 198.58409
3.4442021246693075 -0.45802383590091195 2.0 2.0 427.80733
-1.9177672356374307 -0.22228021532718145 1.0 1.0 399.34168
3.3350782840236723 0.07337720633636549 2.0 2.0 421.07468
3.796798717400657 0.5232856753767832 2.0 2.0 422.16707
-0.5333916207229957 -2.489035119027147 1.0 1.0 393.18921
0.3166719323840326 0.0951448989364063 2.0 1.0 427.52847
-1.413901092842341 -2.253803263018481 1.0 1.0 327.46722
-0.08905096109740517 -0.5004605346453243 1.0 1.0 349.93554
2.997711362009127 1.056118061379315 2.0 2.0 427.82237
1.3028938435706392 0.3436181651214441 3.0 3.0 450.42726
1.3730384811922536 0.8459161575347862 3.0 3.0 443.13322
-1.5237392244571457 0.6246412665799131 3.0 0.0 446.43509
-1.1765676547137085 -1.0992029375919328 1.0 1.0 339.16612
-1.8016643737131532 -0.0691214842030112 1.0 1.0 345.86821
-1.8016643737131532 -0.0691214842030112 1.0 1.0 371.91978
3.50719548822857 0.035352263957956244 2.0 2.0 424.45803
2.4929332001778004 -0.14776752413951064 2.0 2.0 418.27164
-2.589140409424745 2.8201220706874466 0.0 0.0 301.53601
-2.9579233611973144 -1.0231673647957071 1.0 1.0 346.80008
-2.1269681447056152 0.7348951188579199 0.0 0.0 87.10472
2.2103658565271953 1.0243820317601156 3.0 3.0 448.27935
-0.05831716814383054 0.5666805458678541 3.0 3.0 446.66969
2.7381422141350424 -0.2804969435151506 3.0 3.0 447.43352
-0.9706884699646262 -0.30883375991885925 1.0 1.0 374.92786
3.523615675918619 0.6919046705186136 2.0 3.0 422.10966
1.9923775650613422 1.0926399226307886 3.0 3.0 448.28422
3.637571496874006 -0.7318245748184605 2.0 2.0 427.09051
-0.3800028785563159 -1.466447283573934 1.0 1.0 373.5711
-0.8826750274876113 -2.3682920142944197 1.0 1.0 376.29595
-2.42915817502336 0.8148831321639506 0.0 0.0 219.7603
1.6110240854420135 0.4057426612414697 3.0 3.0 437.45878
4.288322783730344 0.3606137110285918 2.0 2.0 415.6387
-2.3175600452936886 1.9913176247482984 0.0 0.0 229.20526
-2.3995701431337633 -1.9902111050957068 1.0 1.0 354.04358
2.177892496491187 -0.7933025270717855 3.0 3.0 435.72073
1.6594341916583535 -0.455696047082504 2.0 2.0 428.6479
-1.770394310696161 -0.9031428986355412 1.0 1.0 346.00616
-2.0853457893762553 0.6781569159655428 0.0 0.0 294.97061
0.3596530720992563 -2.5802169732645512 1.0 1.0 383.22314
2.679181193417356 -0.27494206999687515 2.0 2.0 420.13723
0.6791293722115033 -1.4168384088234827 3.0 3.0 430.12084
3.3991810054202785 -0.2464268781186254 2.0 2.0 420.36618
-1.115990491031637 -0.19098086651794086 1.0 1.0 378.75274
-2.017775222973325 3.151384514582204 0.0 0.0 142.18548
-2.4024494839865973 -2.077792879880736 1.0 1.0 328.11353
2.957086477898116 0.000200007891467277 2.0 3.0 427.76839
-0.9749919043302719 0.799265152355959 3.0 0.0 436.72511
2.3833167351718445 0.9379900143962707 2.0 2.0 412.09853
-0.48865916626886324 0.507498771328353 1.0 0.0 321.3372
2.168334228074852 -0.2761943540983622 3.0 3.0 438.65125
3.503508612756497 -0.18895012099209973 3.0 2.0 430.84117
-1.4990013274062848 -0.05731276882427195 1.0 1.0 330.78202
0.49807709244730947 -1.540521594973498 1.0 1.0 375.84647
-1.6358413006003234 -1.7220041556062147 1.0 1.0 374.24893
3.3693035527910076 -0.3587746008831332 2.0 2.0 419.19399
-2.2107765266086092 -1.6751101148116634 1.0 1.0 337.6446
0.25565294481294576 0.0009920232569148434 2.0 1.0 427.74575
2.1620705526092348 1.128928314665476 2.0 2.0 423.84691
-2.3637979727935843 1.9674916956899111 0.0 0.0 261.89349
-0.9598050578598746 -1.8517016225858824 1.0 1.0 396.9324
-1.0838989437646274 2.8921083594984327 0.0 0.0 205.81121
-1.3714635051994304 -0.3125451218328721 0.0 1.0 313.82589
3.8848512160690696 0.12378159680076202 2.0 2.0 421.2736
1.9738491603879602 0.7347264416377634 1.0 3.0 400.24422
2.6519946482722117 0.17685147163715825 3.0 2.0 437.35501
0.1278450446041422 -0.7131993641048259 0.0 1.0 150.88496
0.8541288035248413 0.8111661854387527 3.0 2.0 429.67515
-1.9546950644194832 0.3395752693780648 1.0 1.0 342.70125
-1.1063408825845593 1.9220746307552181 0.0 0.0 306.73693
4.731918847491358 0.2640892046764107 2.0 2.0 416.23175
1.1156261456249648 0.32140969898124255 3.0 3.0 432.61677
-1.8464054780148496 2.7488401570203194 0.0 0.0 223.22385
3.3638549853397928 -0.6952563306418567 2.0 2.0 427.26155
2.2976259783856143 0.010177259463105675 2.0 3.0 428.97849
0.5094341041600723 -0.6453633840879167 2.0 1.0 422.26122
-0.8491235819191819 0.08810218582749159 1.0 1.0 343.20604
-2.1159482317993294 -0.48609331039728343 0.0 1.0 313.88781
-2.160863708763762 -1.0922583510242707 1.0 1.0 376.67477
-0.9478369587702917 -0.5989177828932333 1.0 1.0 354.47498
-0.3621448017989768 -0.1671687740289955 0.0 1.0 246.89728
-2.4252056344139907 0.7011425539974826 0.0 0.0 309.16491
-0.6967500677895763 0.8244690886428897 1.0 0.0 399.19639
0.43700965593385993 0.3005933833205587 2.0 2.0 425.38239
2.751380387236398 1.4281182415669278 3.0 3.0 434.82358
-2.0212093088744623 -1.5719947055589005 1.0 1.0 378.54097
-1.4122687103264397 1.1329393842405893 0.0 0.0 294.23923
0.9519347756004888 -1.2624913844460997 3.0 3.0 430.98147
2.7578006736821825 -0.8588577206379067 2.0 2.0 417.3967
1.570883836351012 0.2364187306881481 3.0 3.0 429.50792
-2.425250160827203 -1.0314531535207667 1.0 1.0 338.12857
3.280120919725627 0.12201542748502353 3.0 3.0 443.12849
-1.9814791376489478 -1.2256658314326305 1.0 1.0 377.45575
-1.5787367317357641 0.6750072034066497 1.0 0.0 374.70445
2.8779375271846273 0.8013000326703633 2.0 2.0 428.52799
1.6683230908112274 -0.09850791198690705 2.0 2.0 419.57034
-1.8869273855582718 2.5635455350649394 0.0 0.0 66.79476
2.491819758270203 1.0415111545142035 3.0 3.0 446.54578
-2.147955849373935 1.714541631919785 0.0 0.0 271.60069
-0.9104225653237055 2.1143947280846893 0.0 0.0 284.63742
3.4292571998916186 -0.09521256840748596 3.0 2.0 429.50592
2.6172678792397095 0.2749946368590976 2.0 2.0 428.73693
-0.9302360197381573 2.2738450520097433 0.0 0.0 278.03443
-2.264414832331703 1.141224010708751 0.0 0.0 310.4399
-0.16382061345622306 -3.136595539658031 1.0 1.0 379.3918
2.4492686658277165 0.43647143306459607 3.0 3.0 448.80449
0.981026643893339 -0.16807190740062344 2.0 3.0 416.09314
-0.025448670509282602 -1.5856839620648064 1.0 1.0 375.63118
-0.34965521101613295 -1.6463415777257742 1.0 1.0 354.38244
-0.8461499296399798 0.6529689391792269 1.0 0.0 337.50677
2.0560154940295097 0.6919141591210082 2.0 3.0 414.46689
-2.1581968245415175 -1.1285566774527642 1.0 1.0 376.13453
-1.7534136554901967 -1.9718658911132996 1.0 1.0 346.28925
0.42333131714982586 -1.4613553600309024 1.0 1.0 369.6429
-1.8836633761252877 -1.8759378662398656 1.0 1.0 372.54111
3.789746116954216 -0.5686779276965434 2.0 2.0 422.96881
-1.260687838749008 -2.3095269207417775 1.0 1.0 365.02121
2.8474115681308483 -0.41150297227292043 2.0 2.0 410.67368
1.6474174791167087 -0.23839244217070485 2.0 2.0 417.88242
2.7149448526647717 -0.20105655500007558 3.0 3.0 439.75542
-0.8452992237406527 -0.1975137303004623 0.0 1.0 134.87521
-1.2448860057600724 -0.4685661990110655 1.0 1.0 351.32378
-0.9820514040547232 0.9036522222781875 0.0 0.0 315.84737
-0.11549178607111348 -1.0606969510923965 1.0 1.0 384.19437
-1.6100516037383419 -2.108642941368772 1.0 1.0 334.27408
1.7710036080013072 0.4604898435720645 2.0 3.0 426.61178
2.5546596558289796 -1.4882846024299001 3.0 3.0 436.76639
3.3873210774853573 0.08981006330001187 2.0 2.0 425.61674
-1.3951123476148688 0.21356622532586692 1.0 1.0 366.0827
-0.8332359874100793 0.5021921290044078 1.0 1.0 324.01651
1.6993629104343302 0.6692839619404771 3.0 3.0 445.30257
1.6136004764544372 -0.04140260035424837 3.0 3.0 429.84087
3.4373295894346976 -1.103727283100076 2.0 2.0 418.6196
-1.5475215011900212 1.0901864674569866 1.0 0.0 323.02381
0.052927343071055635 0.39877889297123625 1.0 1.0 401.77063
-1.8689462673061097 -0.7601231494905459 1.0 1.0 390.32422
-1.2414180188426411 2.3465759845450114 0.0 0.0 165.15781
-0.8185113530150337 0.13646367614139715 1.0 1.0 340.3586
-1.4876699075230817 -0.7087046470104625 1.0 1.0 360.71442
-1.619189724541022 0.03005139595036484 1.0 1.0 358.15229
-2.229646141721675 3.0610211211261484 0.0 0.0 128.16035
1.6637964785691222 0.29090291634531945 2.0 2.0 426.97305
-0.5951156897176599 0.2028514728063432 1.0 1.0 328.02159
-2.1426745287078726 -1.2746364963073187 1.0 1.0 373.43648
-2.6121683171152377 -0.9362145004622677 1.0 1.0 362.97334
-2.0343847968416338 -1.7415475274620182 1.0 1.0 374.34977
-1.6710234484792381 2.785508764915133 0.0 0.0 252.63988
2.4929811016192276 0.013289203901148888 3.0 3.0 436.42889
-1.7600492442373905 1.210371736652893 0.0 0.0 296.19838
2.6476033833335513 0.10294074097811214 3.0 3.0 443.07305
-2.0617423227903857 -0.39967019260945347 1.0 1.0 375.42169
2.855895489004606 -0.05794963399198387 2.0 2.0 423.92688
-1.4785995953580693 -1.1804909531789773 1.0 1.0 394.66902
-1.8452323868934766 -2.7652049504847533 1.0 1.0 384.3069
2.5528489360023343 -0.3338011579848172 2.0 2.0 426.24638
-0.8954552304013805 -0.5970609656238974 1.0 1.0 386.70415
3.208639184910968 0.17204905399927334 2.0 2.0 420.70886
-1.313385603236576 0.22338334684807948 0.0 1.0 280.10317
-1.9870865401001356 -1.6973672440452694 1.0 1.0 380.25098
1.8068290490717116 -0.3486372979382079 2.0 2.0 421.77848
-1.8170429736969695 -1.6032793487128367 2.0 1.0 415.7645
1.972470039801864 0.8601938563460998 2.0 3.0 428.60785
-2.2931496095025925 0.45059812530444193 1.0 0.0 328.7414
2.8627086454211037 -1.0392165314411326 2.0 2.0 415.24623
-0.7890541331882878 -0.26564284153646683 0.0 1.0 298.53333
-0.7103770989813428 -2.1501965075181437 1.0 1.0 321.60016
1.9002579609434607 0.6702908237247004 3.0 3.0 440.07053
-0.637426851959352 -0.1553641158601313 0.0 1.0 285.81104
-1.9399352892839357 -0.9652965199772916 1.0 1.0 398.38558
0.36343281234997343 -0.05524232309583659 1.0 1.0 390.98606
-2.840519825935805 4.0679819676325035 0.0 0.0 129.05639
-2.0129314835541092 0.7188093037231725 0.0 0.0 291.30202
-3.076588056625011 2.1073947289683885 0.0 0.0 310.74337
-2.10723822070557 -0.7696224297242914 0.0 1.0 306.2016
-2.8367617678633223 -3.600076813457853 1.0 1.0 377.45472
-0.42692979976504547 -0.026374598016873727 0.0 1.0 143.69281
-0.38274562932136247 -0.07297944340978377 0.0 1.0 226.1135
-2.822249338146993 0.9156491235800567 1.0 0.0 326.02734
-1.3280837172236162 0.438241302478641 0.0 0.0 290.00873
-1.8678061818491196 3.2792965091611403 0.0 0.0 274.38532
-1.936159627020841 3.2248743497575214 0.0 0.0 197.2095
2.8979077257740857 0.28056609866045257 3.0 3.0 433.21564
2.5787799372184477 -1.5589485614144742 2.0 2.0 427.25016
0.4251100039959531 0.7928064386527799 3.0 3.0 433.91027
-3.0493178673929555 -0.841977080758298 1.0 1.0 363.32757
4.238496828076522 0.8580373916013105 2.0 2.0 421.10269
-1.8335098786173532 -1.4568976531390667 1.0 1.0 371.87857
2.348492692825942 1.458504198665035 3.0 3.0 439.94161
1.4057976366631122 0.3421914087515475 3.0 2.0 446.37686
-1.457572611116732 -1.2917109665490316 1.0 1.0 387.73249
-2.732078061164847 2.23661299535108 0.0 0.0 125.78604
-1.7175748307921244 0.6288505584772979 0.0 0.0 215.55157
1.0997429971260066 0.07240558670395204 2.0 2.0 417.98492
4.397541900493707 -0.4252777762838414 2.0 2.0 409.41011
-2.5868714871173393 3.255487233243544 0.0 0.0 272.67852
2.9874502434085994 0.19479637414835804 2.0 2.0 416.962
-0.8782664957793594 -2.296160501737761 1.0 1.0 367.30373
-1.4211931574389518 2.572967856801442 0.0 0.0 123.97312
-2.063826622433426 3.6476356655538944 0.0 0.0 178.83439
-2.110840831135006 1.3790584582574559 0.0 0.0 261.98009
-0.8617610139665821 0.2596228697585526 1.0 1.0 353.73447
-1.959072232011956 0.3192444380999752 0.0 0.0 309.44516
-1.9934125693396894 2.919173711527478 0.0 0.0 125.60837
-0.14911842769455427 -3.20582394384817 1.0 1.0 372.80215
3.1706533452788683 -0.06777157109376863 2.0 2.0 421.97655
-2.708268979673536 -0.24340289923216263 0.0 1.0 287.25242
-2.1236254082540587 1.437293939700975 0.0 0.0 294.47825
2.681413664653273 0.522650936106566 3.0 2.0 431.90734
-1.934165528868179 -2.909485819941732 1.0 1.0 373.4146
1.6036466540858616 -0.9070045525853061 3.0 3.0 443.29369
2.0316668180932265 0.726246257989686 3.0 3.0 446.35154
-2.187569942296791 0.8800944144959523 1.0 0.0 321.94962
1.5927255225058483 0.48769484164835536 2.0 3.0 425.61031
-1.066943735494524 -0.9122441420853713 1.0 1.0 389.82621
2.203409515696868 0.6158621672035296 2.0 3.0 424.20596
-1.723985293074106 -0.9638748747451968 1.0 1.0 357.2882
2.157112267944587 -0.4997057799120219 2.0 2.0 428.36561
-0.9593615301374194 -2.53013687162371 1.0 1.0 394.45066
-1.3312772079356905 -1.0162518314419076 1.0 1.0 377.83753
1.9847726677000057 0.09695547324757091 3.0 3.0 442.88127
-2.2872353206218583 -0.37260520971941924 1.0 1.0 386.27569
-1.752019596598841 -1.946501346055445 1.0 1.0 343.0938
-1.0359556767215519 0.8396950321612616 1.0 0.0 326.37398
-1.9022518258883965 -2.2377470991481556 1.0 1.0 384.65251
-0.42157003975557333 -1.7036497912418613 1.0 1.0 326.31491
1.8100338446121818 0.573959886992281 2.0 2.0 422.52343
-1.633926084127198 0.28708882662747864 1.0 1.0 334.01709
-1.7401263305186219 -1.0072357804486551 1.0 1.0 374.78769
3.0830697001986014 -0.09907786074918605 2.0 2.0 423.44328
-3.3907025727482316 2.1680069400164985 0.0 0.0 312.95932
0.9753239758504629 0.14928763394588251 2.0 2.0 407.21555
-2.47415612614113 1.7782670990097105 0.0 0.0 218.28925
-0.83517805310444 -0.0830363729247481 0.0 1.0 265.11821
1.6836256995190333 1.4380698791486182 3.0 3.0 444.45188
-1.2298656392971765 -2.204323981790806 1.0 1.0 378.66954
2.1942522183803788 0.5873819344012984 2.0 2.0 422.88655
-2.6069663349805 3.835448307870419 0.0 0.0 313.35047
1.9616144670239013 0.9177741416622786 3.0 3.0 444.24378
-1.3555465042236223 0.2643472336367084 1.0 1.0 361.00795
-2.401331480008807 2.3343126901122226 0.0 0.0 275.8285
-0.3542216462440634 -0.7646094034233354 1.0 1.0 370.10237
-1.35554650422362 0.2643472336367085 0.0 1.0 264.85218
-1.620139768509772 -2.402303352684838 1.0 1.0 379.19379
-1.1981363139864685 -1.0448216536019954 1.0 1.0 343.31765
2.941494938572302 1.2848427356604972 3.0 3.0 441.50907
-1.3474760023766923 -0.029959282858100057 1.0 1.0 326.15564
3.49078030997275 0.591706212708153 2.0 2.0 406.46192
-2.1797127290127354 2.4913285296886003 0.0 0.0 229.99727
2.491311148066038 0.02676813092858896 2.0 2.0 410.48419
1.3589155942726092 0.9648972510235528 1.0 3.0 399.60794
-2.5490093254238713 2.8663496419054812 0.0 0.0 144.38331
-2.413825797518715 -1.528344526514054 1.0 1.0 366.33825
0.6306377610853097 0.0592836367097471 1.0 3.0 393.85098
-1.7183736677969934 -1.850798460198435 1.0 1.0 350.51239
2.7279949692780208 -0.44589286727441774 2.0 2.0 421.10283
2.4167110151002054 -0.6304171213355066 2.0 2.0 425.81245
-0.7197698122380591 -1.6926702977845145 1.0 1.0 384.66392
-1.8515651888028213 -1.3008392067184285 1.0 1.0 339.66195
-1.6674109296705857 -2.7353284764693853 1.0 1.0 384.06973
-1.7875210365697798 -1.2784482072166918 1.0 1.0 372.82982
-2.2543837933665243 -1.3475010842168964 1.0 1.0 366.48637
-1.128893355609398 1.5400321504467875 0.0 0.0 208.06864
-0.7850839918027234 2.015797105399671 0.0 0.0 312.74545
-2.577906887764728 0.033974025861099516 1.0 1.0 364.98579
-1.613417691654426 1.4752192208819126 0.0 0.0 294.62129
-2.3078085213575124 1.3558479005484 0.0 0.0 278.70082
-1.825982837940708 -2.855342740603949 1.0 1.0 368.9993
-1.29065373973171 -0.06494813746762138 1.0 1.0 370.22795
-1.670924755905582 1.8830041539126587 0.0 0.0 68.81542
-2.3118979471726866 -0.6455850045696208 1.0 1.0 343.74809
3.1147681458971244 1.0947702497813072 3.0 3.0 436.78218
0.19392582823772364 -0.934323051359512 1.0 1.0 338.48543
-0.7708969796472847 -2.504351318902163 1.0 1.0 342.23442
-2.266258767527773 1.779581823841832 0.0 0.0 295.34616
-1.0719028004594966 -1.6211037450979657 1.0 1.0 329.88513
2.848115942051644 0.5690561216411468 3.0 3.0 437.27351
3.461982122875736 -0.3910717988176536 2.0 2.0 417.26342
3.2370059926949946 -0.519775354325478 3.0 2.0 431.20116
1.463584580999912 -0.09670064864339808 3.0 3.0 448.6249
4.0479913121681 0.6587808375734615 2.0 2.0 424.19185
3.3564482674808658 0.9279494410257517 3.0 3.0 442.9834
-2.4465514742261707 0.858081954502008 0.0 0.0 230.76727
0.25482672400985545 -1.3810458026144772 1.0 1.0 335.08658
-1.74640888637298 2.7219616579446404 0.0 0.0 127.22652
-2.416193975626962 0.3586862252800419 0.0 0.0 253.092
-1.862721978454403 -1.971344159136412 1.0 1.0 397.33366
-0.9441887784011552 0.6140963745726857 1.0 0.0 346.25696
2.2223614488767898 -0.6826605426781254 2.0 2.0 424.75939
-1.3977338752832018 -1.8130862944346269 1.0 1.0 395.101
-2.2807107779562243 0.8171995065524476 0.0 0.0 289.84542
-1.1166232089395263 1.6194181894423672 0.0 0.0 230.93573
-1.3857624619053146 2.805091706349938 0.0 0.0 191.57953
1.6616109066423335 0.31963526433872913 2.0 2.0 427.88367
2.61082885271832 0.20935472249909415 2.0 2.0 420.71835
-1.7742377993569127 2.532480061686953 0.0 0.0 123.01015
-1.4073670242516134 -0.08882318241254417 1.0 1.0 337.91346
3.7138964168269903 -0.4913163479889354 2.0 2.0 426.27299
-2.6642748516919514 -1.4732019275367934 1.0 1.0 342.97699
2.985302986381439 0.5044804197933642 2.0 3.0 422.36412
-0.154349688230159 1.849709179294043 3.0 0.0 441.86414
-1.6827490488895918 0.2359663869991265 1.0 1.0 343.98894
-2.3715146617658793 -0.76256305280009 1.0 1.0 401.95987
-1.0065142582689461 -1.7182784949592416 1.0 1.0 392.95012
3.7238690461249937 -0.16078021262482528 2.0 2.0 410.29395
-1.9549506624719657 -2.5945845300064616 1.0 1.0 397.02891
-1.3409070334489432 -2.0300726414707393 0.0 1.0 236.01261
-2.6227147015210845 -0.27065971170472697 1.0 1.0 362.23394
-1.9257284022890104 -1.41547144141474 1.0 1.0 389.81314
-1.408454835735658 -3.9288230049762456 1.0 1.0 397.10307
-1.2539478095784726 -0.6705933414957643 1.0 1.0 368.48656
3.7263510769094244 -0.061252322905164594 3.0 2.0 429.66969
1.2856136581640571 0.2664888839383791 3.0 3.0 433.46564
-1.5743272163343174 -1.7128595550549048 1.0 1.0 369.16555
-2.0857271582897337 -1.3103362920861854 1.0 1.0 373.39074
-2.0372095328717497 -0.8959006486823282 1.0 1.0 389.01985
2.6513230821789615 0.2222984006895103 3.0 3.0 446.77935
-1.1295017401876366 -0.9423012432612644 3.0 1.0 443.54316
-0.5741665143418524 -1.8645428343003543 1.0 1.0 323.85175
2.1383691725984937 -0.21102952947752485 3.0 3.0 444.84829
-2.5716398213439913 2.3363929528987124 0.0 0.0 286.68931
-1.0479766114129505 -0.7452021715584718 1.0 1.0 370.91566
2.412896422258821 -0.6969515921695142 2.0 2.0 415.08844
-1.7142386352925438 -2.8311868184658637 1.0 1.0 379.5541
3.606203105235074 0.31151767619324416 2.0 2.0 415.23096
-2.6820272434596877 3.715075698774683 0.0 0.0 74.32992
2.826386680294553 -1.4797382516203226 2.0 2.0 423.39337
0.7624414093004147 -0.03091325183080881 3.0 3.0 433.73395
-1.4103136769632425 -0.4963351584655935 0.0 1.0 298.87472
-2.8662268278644354 2.3524333228284156 0.0 0.0 268.10657
-0.7767341881664318 0.002265171774025143 1.0 1.0 324.33723
2.071985913609285 0.14890629888861256 3.0 3.0 457.12747
1.9727432468581774 -0.8511929344028956 1.0 2.0 386.39243
-2.1394423322037204 -1.4275076464190382 1.0 1.0 355.20558
-2.2714954922860566 -0.7098168839745915 1.0 1.0 399.50043
3.3918185418378033 -0.0557177133992022 2.0 2.0 418.33351
-0.11807343447680836 -0.5972650820445183 1.0 1.0 333.62237
0.2031530070746661 0.2957032282279032 3.0 3.0 435.45134
-1.9313072546757106 -0.9955650371646348 1.0 1.0 376.60359
2.3352292277500837 1.0904533344127503 3.0 2.0 436.37319
2.7119343735137598 -0.1645154503479374 2.0 2.0 418.18328
-0.5490058934408553 -0.029236071488600017 0.0 1.0 215.70144
0.8493889954451229 -0.023090103313150256 3.0 3.0 437.7884
3.0107013460928713 -0.6201026515188128 2.0 2.0 425.83737
-1.8262406308617178 -1.1044664427054225 1.0 1.0 384.81984
-2.4076513090714964 2.2427838549072705 0.0 0.0 64.68483
2.5177028267901966 -0.34115756042765194 2.0 2.0 421.97724
3.3649409299583763 -0.14220470592898465 3.0 2.0 430.11155
-1.1237409774987448 -0.4355324879539482 1.0 1.0 392.40052
-1.7175748307921244 0.6288505584772979 0.0 0.0 296.42937
-1.8612543734114044 -1.8995220305579097 1.0 1.0 384.3097
-1.8697609605758214 1.8587223124992502 0.0 0.0 294.60932
-0.7179289878256182 0.32036010309594815 1.0 1.0 322.46466
0.07541499185275458 -2.252509115944231 1.0 1.0 379.82449
